id,pos_comm,neg_comm,neutral_comm,total_comments
kFx0h3YDXz0,93,28,79,200
oSV39tYy3Xg,3,8,0,11
yTVysPsX5ns,22,14,64,100
TO5cYWd12lQ,228,29,143,400
E-NxvaVWjBM,15,4,6,25
2LkEa-JV9Kc,37,26,37,100
8rlfu6UX5D0,208,72,220,500
6FgoZiTT52w,104,20,276,400
r9-DM9uBtVI,199,102,299,600
8fH_PAi6Yf4,158,4,38,200
LAYuMpKE9Rk,18,2,18,38
ydbxmm88-As,194,16,90,300
CGN6QXv7sfs,167,105,227,499
K28Az3-gV7E,86,18,20,124
XlXBLvT9Vj0,38,16,46,100
tf57O2T-TBM,20,6,12,38
TaxAsHhex10,33,39,28,100
vdUum-zVcZc,189,23,188,400
FNh2ZsQkNus,252,62,186,500
IDvy0ybpOUI,90,48,62,200
uy1FAz6zrQE,90,64,146,300
lse3oJfPPk4,269,93,234,596
ZcsE0kjqvAQ,8,2,11,21
IUkNNDg18mY,156,71,173,400
g85RGiOgUtI,219,44,137,400
kxqeW4v350M,46,18,36,100
x0GbpqxD42k,57,29,114,200
ob4tFhgAecw,1,0,3,4
lDATIqC43aY,2,0,2,4
xQ4oE_tL7IA,154,30,216,400
8RQDPwODja4,210,80,210,500
sI6MZg0hkUk,74,43,82,199
p25S_5P6ejg,387,38,75,500
Lf3ER5Ope_s,74,34,90,198
AHrCI9eSJGQ,169,8,23,200
eUhGww8WyIo,49,19,32,100
R8NeB10INDo,101,27,72,200
T_PuZBdT2iM,145,89,266,500
8ndhidEmUbI,273,214,212,699
q6yzrZfgQvI,257,22,221,500
33Z-ix1VLzI,89,38,173,300
3Sjd4BVHdc8,25,15,25,65
cvaVRlWltD4,44,15,141,200
z8N40PtsEw4,10,1,7,18
bkxoHhafkqQ,142,37,221,400
F8i8pnZmk50,176,32,192,400
6SaFJLHa-Vk,32,9,59,100
dSdSYmXCPXU,75,22,76,173
tteLMfFDCb4,50,56,94,200
5DG26XDPpB8,121,19,60,200
dtqlSPt4z20,127,70,303,500
Sg3DfyDkln0,15,11,80,106
JhyTKIwar1k,158,59,183,400
uV002CSNDac,141,41,218,400
L6wODNHi4qE,4,0,25,29
gDf4RpaMFrk,63,11,25,99
T58NGMrUp0M,148,54,198,400
mJSViC_Sx20,206,67,227,500
G9ADVeNpypk,50,16,102,168
KwcfpkTKEF0,149,48,103,300
3x-sUsazQ90,122,20,58,200
rBKYvAdXT-k,34,2,64,100
S-a8NVEUO4E,2,0,0,2
k9VmfRBkUuM,85,24,147,256
9chSjcOM5og,95,100,205,400
gLj21uNEzqA,215,19,166,400
x5Ps13AeXxQ,355,46,99,500
3qVHkOOyD5s,147,60,130,337
Zmi9iQp6944,411,55,34,500
oQyKpOJhUKY,44,19,37,100
CrwmpuwLBiI,162,123,115,400
aircAruvnKk,128,12,60,200
9QdaNUrq1EQ,75,51,74,200
R7y6fm0XTpg,219,45,236,500
rZ2vh8rZd18,146,22,132,300
mOrdWbqp85E,196,23,178,397
b-3YW03RR0I,121,17,62,200
YF6dNlhXaJ0,41,18,41,100
7KS2oJPzeZk,279,77,244,600
Vh2WX2JNIFo,101,67,132,300
OZ5kXgYW5cE,163,65,172,400
gGILiLTenR8,135,99,266,500
cyN6GMY78D4,237,49,214,500
00wQYmvfhn4,133,70,97,300
vb_hwwmiKvQ,2,2,7,11
cWfTBkTJOH8,86,8,104,198
MDe4hPh7dDU,245,92,163,500
aVsOXRgjeeU,154,57,189,400
LSEoaPGFGHY,40,6,7,53
rn5Xgak1zzA,71,63,66,200
wIml3h1rHVc,128,72,200,400
OcT1pSgNARo,56,22,27,105
nRGz2md8l28,184,80,236,500
5mdk5oz6l3w,10,10,20,40
po5VUW3I8P8,135,52,113,300
ofzjzf_rhZc,180,94,226,500
o0hMhEsMUs0,86,0,14,100
XF_ARz7jTUw,289,95,216,600
qJVOPnfywCk,241,52,107,400
IMG0u0_cKNc,57,36,107,200
5QCv3dJBPyQ,269,21,110,400
M16CGK1T9MM,190,233,277,700
b-znn2eQL08,243,14,143,400
8Wb9KYnNxUc,128,159,167,454
C7ENj3R4Z5Q,152,6,42,200
GjtYtBGrP6Y,83,35,82,200
1nEp6DcHwhs,103,39,58,200
3fILUAGw2mE,206,78,216,500
bHT4pO0VcXI,161,55,184,400
SNGWh_-R1VE,119,71,110,300
V_U6czbDHLE,212,60,228,500
1z3cp_Mh8bA,165,21,158,344
fiEYKSMcHAI,77,34,189,300
G_SjnHwxWMU,159,89,252,500
Vjc459T6wX8,122,22,156,300
NheUm_izr6A,168,3,49,220
yFMZl_nYkbw,178,8,214,400
TPnuT2TLvLQ,108,5,123,236
Fpt3ImXIImY,19,22,12,53
lIkbdfBAdZQ,33,6,30,69
30QPEkhcYeQ,90,77,133,300
JKGdQjx-_BI,4,0,5,9
hR1nU9IJsoM,210,37,53,300
HUgYoT_xEFY,362,35,103,500
FgSSk7xLW9w,106,43,151,300
J0sg_Au8zX8,54,28,34,116
wBjAmThxDpA,2,0,0,2
yWatz9TAgT0,236,17,47,300
QlRWZuKPVoo,129,36,235,400
WU_Bbaki3f0,95,24,62,181
IHi5jq2P_Zk,238,14,148,400
2rki0cQ5V2U,134,56,142,332
KQc7a_5G0pI,174,63,163,400
amds5iNvFD4,91,21,88,200
BRhR9_tiPTo,38,16,46,100
x2l1vZ9dvAE,133,19,146,298
K9Qn3Gzm2ig,122,7,61,190
ZW4jOlyj-sM,221,66,113,400
GttcbM4GxLo,217,27,156,400
wGwsgf5CdxU,173,89,38,300
7Hf1sDPY85A,93,74,133,300
zyPIdeF4NFI,228,40,132,400
AjioF-ZFDHQ,38,23,39,100
UqmxHwLI9yg,263,65,172,500
dX72axAvIGc,96,49,155,300
fM8yID63CSA,56,20,24,100
Zya-JNMJ62k,219,80,301,600
v9ERab8P6Io,66,29,105,200
ZyHipL45pwM,234,30,136,400
W_E9wivFlpE,154,94,252,500
NFHAAtVkbpA,104,51,91,246
0lDRz8qmXpE,140,59,101,300
EuvVOA8uvsc,251,121,128,500
WMAtfhATTLg,196,24,180,400
8V3B85bfVFI,78,16,106,200
yB9pN0H7saA,173,101,226,500
TOI9DKsWMx4,8,3,2,13
o4os5TXo6Vk,263,28,109,400
XSLc0d5aM04,213,212,275,700
7Lyo5dCig-U,68,30,102,200
o6H0OPgg1qA,129,78,193,400
bxgFjzRW6EA,282,75,143,500
TpwChyyyy4s,58,10,132,200
cMKX2tE5Luk,291,72,337,700
lNjwsz8bLLI,93,11,96,200
NMRvbg-denE,85,96,118,299
HpxsQ1_UAec,0,9,33,42
o8R5f2kNo0A,228,39,133,400
dUOUo02v4XE,52,11,37,100
j4OWNMSOwbA,8,0,11,19
Xqpf1FxU2q4,242,59,299,600
RkBEEiG-wd4,120,115,165,400
HRNq5O2ieOs,38,10,52,100
tku0H7YeMeA,285,19,95,399
-3AGlBYyLjo,0,3,1,4
pYggEswHnos,54,0,21,75
16-xMnzDQ4M,73,5,22,100
RbXYadQw1C4,249,14,37,300
mjSwRwAqQA4,170,60,170,400
_HTXMhKWqnA,162,77,161,400
xPS7bqBePSs,194,12,94,300
4VgnTrbaQWs,147,26,127,300
xGd8KIXqPJY,201,68,330,599
EtTi9TBRRNo,26,7,54,87
xzPRACH6YwE,42,20,38,100
pfQ09sKITss,67,42,91,200
RsYU2f3Q6kI,6,0,7,13
ufE-HaySXSg,162,102,136,400
vGVK4ibMI-Y,154,106,139,399
ZYSjPZUqLdk,214,71,115,400
8PDnSzf_TV8,166,74,160,400
J_ub7Etch2U,236,63,201,500
nJSrCX1U1hg,111,58,131,300
eig-wx_83Do,86,80,103,269
fbokWw3b94k,144,27,229,400
l_uNfGY3v8E,107,182,111,400
c0FjpqLfGN8,115,64,121,300
8QKP7LXWlHk,168,45,87,300
yTkFwujYZ3o,37,12,51,100
ktc8XDBq93k,69,8,222,299
YicuZ0gYH_o,173,117,194,484
miNpG98Hv1w,51,13,65,129
D6zUj1tKxiU,3,0,0,3
Miww9xXEj90,40,16,24,80
-Denciie5oA,105,68,127,300
bF5sIEuv83k,119,12,69,200
CayHgjP1YNQ,106,13,81,200
x9VBzdkHMBU,176,67,157,400
6JV_q-vrfBw,137,150,113,400
krNNMFpA1wY,255,60,185,500
vsEhQOREmrE,150,36,114,300
jYnoFIgUwqY,137,40,123,300
UVwLjEK0jio,14,7,18,39
RA9gg4qBb30,238,126,196,560
AVr5wYZJv9M,22,29,17,68
LyEY0sNQIGQ,214,42,144,400
PlTRnF7KlV4,26,23,51,100
aTF84_CqzxQ,137,21,77,235
iTUsiJh9PgE,247,28,125,400
QBGaO89cBMI,200,62,238,500
tVtsp_mASno,182,104,114,400
40M4DF8aIYs,137,10,53,200
BdTpRsW4azY,110,5,84,199
TDuE0y_4Vl0,19,6,6,31
9dobJDxPEzM,189,38,173,400
oStLD-yYAy0,30,23,47,100
uHCW6nfbosQ,284,25,191,500
IpJGlaxUUp8,14,7,10,31
CiHV9oFXFzY,3,4,10,17
nceSvKBjp5g,109,80,152,341
0s8oYNL1M-A,129,41,130,300
k9bYO7uSnrg,8,8,8,24
VY8IqDWZwbQ,28,3,13,44
edMOQR_r2v4,149,22,29,200
jK6BesOrfws,222,141,234,597
cmSphKD18uo,188,29,283,500
bUUt0v4ziG4,61,90,72,223
jiRAinnkfwI,2,2,4,8
etmUU1bs41s,189,69,442,700
CN4YL1KPDAA,131,50,119,300
PUlfvXaISvc,36,0,29,65
StJTV8bx-jk,74,42,84,200
25Qq8k7V83g,14,7,21,42
nAau-s-NvVw,47,8,45,100
X8Ijui33P6I,72,25,103,200
Q0O_5lVrMfs,113,36,151,300
Oo0NJsr5m4I,250,231,312,793
vGwdgL-x78w,20,11,17,48
3VVnY86ulA8,162,29,109,300
rKOaloQ5rnA,17,6,12,35
czeMrUoy8kw,15,11,14,40
2VXWgIOPgmw,91,68,141,300
lduyitPDQjY,97,67,36,200
9j9RrWgo5rE,132,145,123,400
bpDylTwwunc,272,57,171,500
6eHExt8C0qw,82,73,98,253
cxLQAuQsOWI,280,37,283,600
_SRNenu07Lw,4,3,8,15
evdxH50J3rs,60,21,79,160
5CHJbMnLPKw,142,70,88,300
5pvkw5KkQuw,49,7,344,400
3la8bsi4P-c,115,65,120,300
8-M7WA1qX1g,138,94,168,400
d6a4AGg_TsI,131,33,76,240
K5-f1Bnltu8,103,46,151,300
CsdzflTXBVQ,280,95,325,700
vpJba2qIXjs,2,1,0,3
fhYYdeAC3BI,93,224,183,500
a-9IZz8Ry5I,232,76,192,500
XovZ04gmQgE,54,8,38,100
np4Nw0tBun8,205,35,160,400
3QWQ4gN3j4E,206,128,174,508
zWxo4uZW-1I,112,9,79,200
AyiYuBCLTjc,91,48,159,298
Ro3lVeccQqY,295,61,239,595
0Yhaei1S5oQ,68,53,79,200
NWwBpOUkx9g,30,22,46,98
DUFBEamEF0Q,76,47,77,200
wGQtrwey-TI,94,22,84,200
q3br7KKr67o,228,18,154,400
H4_o4thCQpY,145,155,198,498
J4QLJiv-Eo4,10,6,20,36
uNnslXhf-zU,112,30,153,295
GGm0FQ6i74U,43,23,34,100
tSwWCJHHTGc,50,19,31,100
74zJ4scJzNs,197,209,293,699
F5D1x-OtGME,122,81,197,400
96LawfHPh6s,242,48,110,400
RIz3klPET3o,134,13,53,200
s8GrGvjhz0s,258,155,186,599
bvomHFZO0mk,259,77,364,700
v_TJKwJwN0E,49,25,26,100
k1eYiq_V5cM,221,45,134,400
MmAL1EOkLUo,2,0,4,6
_0d3XbH12cs,167,12,121,300
pqdaskhEa0I,178,28,93,299
tt2k8PGm-TI,50,3,47,100
_Eb9kppyRxc,261,71,168,500
CwLGro-dFWg,303,91,306,700
dN9hA7J79VI,53,85,62,200
xyNX4eH17uA,169,168,163,500
R-wJEtDpKls,23,12,26,61
oqmSuPJfvJo,217,69,214,500
JgYfZAjOgEM,119,18,63,200
eXyHRnDNH64,45,13,42,100
equByOb9j5E,86,84,230,400
yAZwhN-WKGg,33,40,31,104
uE_hF1R20rg,27,17,33,77
q2KehxKQ3Zk,74,54,72,200
LRuLYXsl_A4,9,5,8,22
88IdVnUESJw,182,84,134,400
eoArC99zm1M,58,27,115,200
X9A8BpKZhKs,16,5,28,49
iK7lICvUhCI,88,24,88,200
PJZOghDtOCM,6,7,10,23
SIyW-80e_v4,289,36,75,400
9mAcJRFfAL0,186,74,140,400
BHMJ0LGZ5fA,20,9,19,48
Y61Q5w8qdSw,111,82,107,300
PHpMh4E4KKQ,115,14,36,165
TQKWC37ful4,46,47,128,221
QQVWMp_xgGg,280,221,199,700
M1nSzaWFTDE,84,51,265,400
8bSCIUAeLis,69,53,203,325
2m65xSqUWaI,109,39,50,198
4RPso1_xMYk,8,17,9,34
xtDJ6uEyvnw,51,18,23,92
dUBcP00TEWI,32,12,56,100
-s267WkYVoo,100,44,56,200
np1RFbKh5a0,171,44,85,300
0fsKoK9yLE0,260,24,179,463
_F-vmhCq6uw,155,139,106,400
PnaS9pQZqM0,30,12,58,100
iwm5-I9Ay8M,76,40,84,200
O4pFdLJmG7M,55,26,119,200
GMFnJln3IEA,23,15,7,45
8bpaM9NeFrk,245,134,209,588
x7cwR2G-5Ng,10,0,3,13
R1ZXOOLMJ8s,205,84,311,600
j8i18Wiaq7Q,0,0,50,50
ucWPplMZnH4,184,43,173,400
rCo4gIZu0DY,236,49,215,500
oD2HCrT7_Gs,38,10,52,100
PPg1gN_ey2o,43,9,48,100
0Pz7DnHikLU,93,39,168,300
3sdwibrYkUU,1,0,5,6
yl86_6Rr-mU,111,56,133,300
rDkhmTCWssc,10,10,16,36
BY3SLVNBkeo,256,103,141,500
hhREiAarjVY,82,24,94,200
RIGgn1s3AvI,197,36,167,400
MpblOsqweUk,152,25,123,300
JO7X9ZPoAp8,199,167,133,499
_StIv9i6as4,154,15,131,300
yIq-N7m0upU,232,64,304,600
bAon04ZJhHE,115,65,120,300
xU5-_EGfcHw,71,44,85,200
E6eRA8PnuW4,56,14,30,100
tlTKTTt47WE,197,99,204,500
C1wa2OyP_so,81,34,85,200
zAtHxJvSczA,127,50,164,341
GjJC5e4VpDY,9,5,9,23
yCcghtLzNRw,2,0,1,3
-AJyaVduxCc,136,41,114,291
hqHlIRZnF38,214,55,131,400
Lv5DFKceFac,53,9,38,100
b0O5JtyNqek,170,17,113,300
L87l9-2B0ug,30,28,42,100
f09ne0W6MZU,146,32,122,300
wULnbo1qtDc,120,54,226,400
UGUu7qhGh_k,119,62,219,400
Pp19TkIU_fw,89,30,54,173
nIZb34JnFEw,198,60,238,496
Iq13mG9l6o0,90,80,128,298
rJTkHGXMdb0,117,52,331,500
GIqhMKlSCgY,167,32,101,300
pcnlLwwR5x4,116,151,133,400
2Q--XPdFfF4,43,14,43,100
htpR770aP2k,132,127,141,400
hRRnKJwbrcw,38,30,32,100
0R7MQwmbiQc,146,46,207,399
xsWO0dRf1p0,281,40,177,498
Z0mzCVe_onw,276,27,197,500
ErWde9LVg0A,283,31,86,400
lLOEu9p80rE,263,63,168,494
EmlH7yRKmSY,111,73,216,400
N4Jb3gkrGXI,78,46,76,200
JJc1Tqcu-8E,59,12,29,100
OCCKNCvNbkc,200,54,246,500
TdH_NL35Nbw,207,70,323,600
ykvX-E1nuag,102,33,65,200
CAQ2wWVlOuc,88,55,145,288
bZJpwidiMco,106,34,60,200
Ty7YYxfFRtA,257,15,228,500
iIOkX77kT8M,48,9,43,100
-QL9dvmddYs,63,0,337,400
-PQBaYuvujw,44,74,82,200
p-xtcaAOTEE,4,0,2,6
aUAQGzkAtQE,7,0,4,11
pRnbzkMsgmM,89,103,108,300
SGuUAtJ8yMM,237,34,126,397
-Ifnaxi2LQg,280,125,295,700
oWDy7_W9cpM,5,14,11,30
zmg9tVaMVd4,257,50,193,500
WYYvHb03Eog,282,148,370,800
-jFgNreZPf0,228,73,199,500
3X3xtRNb20s,168,62,270,500
Q2Ku7ELCBag,123,24,153,300
GdoNKbGQs9U,91,7,93,191
a6V-fKcW5YI,102,145,253,500
b6utGZQ9Sks,141,52,107,300
zHdJwBrT3WA,145,84,171,400
8NArIVIQ4BI,184,66,348,598
ZGlYvprDKNM,142,21,137,300
L3O6LocRoTo,102,44,54,200
bpy5Kfdhp8o,7,0,4,11
pV_5gjQ7lhk,183,127,290,600
qvXXMsiQBDg,254,39,207,500
-uYWFqTPHd0,200,43,157,400
aepr6ynzeX4,150,25,125,300
FUBXKn1oP0g,194,66,240,500
IMcVhfQfvow,53,41,106,200
4WyBEMxqFaI,111,11,78,200
srWtQnseRyE,42,23,35,100
0pwttmAYCTw,185,29,186,400
2iObySa91b0,199,123,177,499
w58C1Vu10Is,137,115,248,500
ntw32kYDryM,2,1,0,3
DGlYMJRwevI,31,13,56,100
xnSew-tCuPo,271,29,100,400
twerGCoDt04,22,1,20,43
lv5uC6cfO5c,231,128,241,600
evvVtqmvE5w,169,81,250,500
E5Hfl6Nqw3Q,124,135,241,500
yBXDLfgGKQM,25,35,40,100
H8t5M9_Tvzk,191,27,182,400
JuYYsmQ2ulI,30,32,38,100
9HIkG6vMk6E,270,45,185,500
PJsJ96yyVk8,237,68,95,400
xffuHHjO_Us,241,19,140,400
omdov-S2tSA,75,49,76,200
-5sCWsLlTCI,27,16,24,67
BqL9T0_ClUg,191,111,198,500
JQAYFbcgf60,33,13,41,87
eqTTNgyJm-o,51,51,98,200
Lf50KrdASTI,92,40,168,300
HpHp1Xp5oDo,121,26,53,200
jc1_s2c32zs,38,6,56,100
DaNNFSluQOY,210,83,307,600
MKMgoXEpO-E,126,24,50,200
kIssu4XLg00,211,64,225,500
4MkC65emkG4,275,158,267,700
U2CqZNd6rgM,44,2,54,100
mQwnQS25xpE,54,11,35,100
ELQfBOJOds0,99,37,64,200
jLa9wZHiqxg,1,0,0,1
42G_XzaPcPo,116,13,71,200
sgBGvgxuXvQ,163,37,100,300
MiZCudqoFAU,153,118,129,400
03IUgOd4GH4,160,66,274,500
kjNU-dbG3ek,127,74,199,400
WIWlRbpO9RU,60,37,103,200
V-_HM2bRa0E,133,11,56,200
GTbPlfRS_c4,36,19,45,100
aEcbuccnjLc,60,8,20,88
etOa8-pFow4,102,95,102,299
unIkqhB2nA0,191,168,241,600
VCVjbrt30tY,41,14,45,100
rh8b-Ibzkfg,208,25,67,300
ofz2cHLkiRI,223,119,252,594
2QA57665QM0,210,48,242,500
DBxTCFDo0WM,28,28,28,84
tl6w1-IlyDs,278,49,173,500
8rhb5wTCero,300,62,138,500
pOZ5FrTMQMA,314,16,170,500
WtF4TUxIOZk,30,30,40,100
u8f6k9vjl-A,130,22,47,199
JKZM1uTWBJw,67,2,12,81
7xCQ4B40wOc,64,30,106,200
RJuqdTXhDX4,195,136,169,500
wmiy00-NqDk,89,21,90,200
IvQQJmWdtH8,266,15,119,400
tBN9kLaS-uw,356,82,261,699
lokFoo_QD8c,88,11,101,200
z1g7n0QZvvE,13,7,4,24
xcaeyJTx4Co,222,58,220,500
bu9e410C__I,244,129,325,698
ufaDurSCKOk,212,101,287,600
5qlSfNVp3fU,231,68,201,500
8hAdOYDoo4c,188,43,169,400
Xtqr1C6eDmY,208,88,204,500
86eoHaPREmE,57,37,106,200
adfcVmu1bmM,306,32,162,500
tY0RWL9k1T8,18,8,12,38
xRQGzS6Ce-g,131,87,182,400
8VzoqU5IQT4,20,6,15,41
OmTb_ea1K5U,151,40,109,300
NzRuDD0iYC0,69,65,66,200
VH1RwkrHPvA,190,119,191,500
kbvS-aeEi-8,79,17,104,200
zcqZHYo7ONs,358,137,205,700
xGuGjvIfof8,202,77,221,500
5NX-U36VDis,142,59,299,500
w-n3qiLeVqg,235,197,268,700
I1XJEhgJlKQ,185,47,168,400
5fYkPljB9Zk,203,58,239,500
QeBCu1ZSORs,204,31,365,600
DoQEpaQE5-g,157,38,105,300
4cfL9nTNugM,280,62,158,500
UO0hIASuAqY,128,79,193,400
1Sm8A-u1vIA,41,24,52,117
tTHMBjyzgEU,120,146,234,500
WFkhq40z348,29,7,20,56
Lv3Uy2rjgCE,337,67,190,594
0qfgZJNCCJQ,172,23,205,400
R6ja9qNmOaM,187,104,109,400
EWeJ7OM3mo4,185,49,166,400
JU21shbaVBo,220,116,164,500
Y12lF3cYufo,63,29,108,200
iB9YvFfTkuM,60,42,73,175
4gKhm09PKPQ,165,72,163,400
-C-LJUD2LWU,115,38,47,200
mFZiH4aEPJc,47,34,50,131
7-z55AKa07U,62,21,117,200
qi2uOOAKJjY,215,16,69,300
xHzL1lqNny4,221,20,159,400
RXzHRnK8Ta0,78,85,37,200
Tm8LGxTLtQk,229,96,275,600
d8U5funnyA8,221,106,273,600
CwfoyVa980U,140,36,124,300
xItHZZ3bvhY,36,33,31,100
KJboCFa4iVQ,3,1,1,5
wHSJljq_41I,102,12,86,200
byA77xkQBEE,227,155,118,500
xEKSJLaiZa0,96,20,74,190
etn4P80K5WU,99,14,85,198
qLzIaAYFhNs,14,10,24,48
cvk18vx-nrY,36,25,39,100
cIsewG2g-1g,53,7,40,100
WQyiY5qC_us,223,88,89,400
gOsM-DYAEhY,219,42,239,500
RlduVwzqK2o,266,15,119,400
Km_u51OE3VA,43,7,12,62
VFNwdX5zyCg,13,4,6,23
OY_cUBpDoiI,39,24,137,200
A8QQBRIqZmw,260,152,188,600
4LwpGaDKmZ8,97,32,71,200
bAMinWdgUCg,200,14,86,300
kaMKInkV7Vs,149,77,174,400
a41k9oJN0FI,201,137,162,500
6qCqrODw1nM,62,72,66,200
q68xUVH3qiM,173,130,197,500
Gv618mscv2I,13,10,47,70
7qLrKUtV0Kw,108,100,116,324
ZBo1S6YZXa0,262,47,91,400
nGM76g5Hvfg,23,36,41,100
zhtliiCSYb8,192,14,194,400
hw1RrmlrTtM,199,235,165,599
1-mNxzvJSaQ,99,42,59,200
zKriLekFPwg,399,46,255,700
5Xe0Qd6bUFo,292,105,302,699
j0AoUB9Nqtw,215,121,161,497
nImFZRtGeAQ,90,42,68,200
Ah3V4S15Lyc,74,44,82,200
IvFw9zhIYkQ,240,101,59,400
y9vsRUmPCKk,131,7,62,200
RxIh_0q524c,220,26,154,400
vUC8-qbCVWk,271,26,203,500
368_ovPsJk8,241,103,352,696
_r5eTelhpmQ,170,17,102,289
EbthMC6spAE,256,65,179,500
Z9svINZiBdU,257,18,125,400
tq7tHN9HBJU,231,42,227,500
y8fZDZHSl7Q,255,38,81,374
DtsWj9XiOIY,291,29,80,400
Fzz-Pblbvqw,154,60,283,497
j6cv-6WuDK0,65,56,79,200
ekaeJN9Sgu0,128,55,117,300
y4D1KtVetKM,112,42,346,500
QKgUwKuhQmo,11,0,11,22
qAPx7N1jr_I,71,111,118,300
UJKl7ToDi20,6,0,0,6
iALfvFpcItE,203,197,296,696
tz_DWyuvX4s,14,2,6,22
pgCtsVdK4HA,145,108,147,400
Mw5T62dJzhQ,78,27,95,200
vgDiV94Hz1I,144,27,229,400
FwT9nx8GHxE,118,128,354,600
fM6JOfiAPgQ,225,10,65,300
TZRuwzX94Kw,8,4,2,14
12vfxYs6F7E,188,33,279,500
EbwIKveO4qU,192,23,185,400
8z2RgsLSn-c,117,24,59,200
2YGrrsKs-Xg,41,15,44,100
ermfn4zyosw,91,98,152,341
q066h0yUoRA,204,74,222,500
BVKnt7H4zVc,77,44,79,200
nivfxoep6Rs,312,84,204,600
6l5P7jHUcjI,201,116,283,600
3TDk34hnSXc,165,63,172,400
X7ld45pUueQ,49,19,132,200
zV0dpCG-8go,229,112,159,500
nJPCUTDN0ec,136,32,132,300
uHYNSaW6Ttw,73,58,79,210
2t4gy3oAx7I,50,79,71,200
zEezFUb8Zz4,39,15,46,100
LnuUkfwqz3c,18,19,23,60
v-eLrAw-gGc,38,22,40,100
MtOiRhapfFE,41,15,44,100
K20YGjVkZRw,334,27,39,400
CYoRmfI0LUc,326,160,314,800
C-V1uXeyGmg,208,39,153,400
3QzUSSKfEeA,97,66,237,400
WfjZ1otkS3o,237,154,206,597
B8G8m08G_yo,160,64,276,500
xMmyeKq4w8E,3,3,3,9
HjfN2Phsfng,1,0,0,1
LunHybOKIjU,270,222,308,800
xLZoYh-aMm8,72,9,119,200
c5vSFtnWkDA,325,30,145,500
cmznoInjg1U,179,83,138,400
zTjcPeb2Gwg,148,24,128,300
VFODNI4DBDI,119,176,205,500
EoejGgUNmVU,148,15,237,400
73kIG3HcFq0,191,41,68,300
6ErzVDwcla0,16,0,18,34
dYstFRuPz8A,181,152,267,600
SNCeopgkSAU,202,120,276,598
-6Zc8Co2H3w,198,32,170,400
GRDoasFyesU,223,77,100,400
cLdxuaxaQwc,283,240,276,799
1u5jO57eD-U,224,89,287,600
2WIzsHMcSp4,150,43,307,500
S0G5EloK3LE,202,76,122,400
18HD7Y3tT9o,275,42,177,494
WSFJsq_jwMs,310,52,238,600
xTyTQgb-y-A,401,40,127,568
S6eJbe5GyDo,72,71,57,200
r3wQ8ISV4wc,55,10,29,94
VX4MQYwAh80,183,71,340,594
LTnl36-0-zU,85,35,80,200
CMfo-s9izIc,40,29,31,100
AC83xjb5Njw,167,9,124,300
CyUv2Z_RPnA,8,0,0,8
Rg_Msa0CAqk,174,98,228,500
a6y01PSb6qU,145,16,57,218
JxEj2ZjgNzs,129,4,67,200
WFb0EDl-JS8,288,117,95,500
AzNIUMW_G8M,215,107,78,400
i915IbJ5l_I,84,33,83,200
SmfWvo4cMpU,336,9,55,400
CDfhFfKSohc,135,101,261,497
cL8Ls0tEMcc,288,47,165,500
LHR2gzqUp5M,100,46,154,300
D1KpuWg2hc0,10,2,2,14
KHshdXDxR3c,134,39,127,300
658YZO_CmOk,223,130,247,600
S9VIKOuZcds,45,29,26,100
8I1B4n_8Cto,247,58,295,600
MTIzurDnEsk,202,74,124,400
K3U7Z94NHgg,68,26,102,196
LTsSGSi9mqo,162,21,217,400
ZB_g0QnYMkM,6,3,9,18
rRi8LptvFZY,144,84,164,392
oD7nZouNyDA,152,17,31,200
1kVLpFilePw,44,11,45,100
doUdRCrK80E,229,73,294,596
2ZfHXn4rmAc,3,1,2,6
_tHYuBw32z0,104,58,238,400
Cz3Coxi9D3E,129,18,101,248
GTawLgr1W0w,37,12,51,100
upd8nVJr7lc,112,75,73,260
ypXwioZXUrE,245,110,145,500
e21VLQGCJTg,218,11,271,500
kMjuCx_kpiw,20,6,12,38
PD7OWHNAUqY,48,25,27,100
DKY09vZWj88,27,7,15,49
lIY6zFL95hE,77,33,90,200
fW0Z5XjmEXM,6,2,8,16
4xbFVdoRzLQ,136,110,154,400
tfZvSS_f254,129,53,117,299
DUMEmGUc7yc,217,79,102,398
S_9OSktlm6s,156,67,277,500
LBLGo2y_BBU,212,73,315,600
P_X6hIyqUxA,218,76,206,500
Bn7ZtoFTm2Y,136,20,44,200
2caEL5ATPX4,51,9,40,100
9E3wYGXnUqY,208,49,242,499
jASAxU0Uqk4,34,15,51,100
_yvDc9t1gZE,319,32,149,500
-cYk6sbe11c,68,28,100,196
YaTxVflKDQw,134,124,142,400
DeTu8xSGpEM,287,87,326,700
tOzbDh45Z7M,14,2,10,26
0uUFf8IomLg,17,2,22,41
a7Sf_H2cFdM,137,13,149,299
qCH73iQAZS4,256,72,172,500
t4or1t4iHK0,211,86,203,500
Pxojz6grwcU,53,91,56,200
lno7AN8hLvQ,210,79,111,400
_Jn3urgf7zg,36,31,33,100
4qxqtwNu7wg,138,23,239,400
YYwB63YslbA,153,63,84,300
puxAgWMzGqw,68,12,20,100
U1bpztJkdzk,60,11,129,200
BidMbVRT8NU,55,16,29,100
QWtGGoHT4H8,4,0,6,10
JNzCrIcAnck,228,50,222,500
gMhysL2A8Qk,35,0,39,74
P9zl2o3zYkQ,108,58,134,300
0ptNpGfMRCg,212,93,294,599
X2tejP45Lwc,293,39,67,399
XCWmONajkOg,205,23,172,400
X0I7RRaahiM,198,13,89,300
cWL4eiCR8FM,37,13,50,100
ebzims_XwpM,130,23,147,300
94U8bow4CU4,1,0,0,1
qqNn14l7hhA,224,26,150,400
URvC6T_xhE0,206,125,169,500
tp9aQXDFHbY,286,71,143,500
2xTuOYNrVmw,80,121,124,325
gzh6tcMsyoQ,299,33,102,434
2UMfEfUR7wM,256,81,188,525
4kmSATD25iY,219,67,311,597
N1bJ5Vv3iUg,101,48,151,300
IN0PWfSZ3Fc,32,41,38,111
VRX84VjIQVw,21,4,9,34
Jz3E_CCaAXo,11,4,7,22
KT0CE5GIjSA,207,39,154,400
xIhTtzJ-mj4,53,14,33,100
pqSN7lsPs2k,208,58,234,500
kz7-ZKcyBBE,176,48,176,400
eHq6ZA6uKOg,61,47,63,171
Z-ouLX8Q9UM,161,118,121,400
HMT3wb4h234,138,23,39,200
GtBcWxjioiM,128,17,55,200
IQisUbBljW0,209,130,161,500
F9IOTQ3q8Z4,39,13,47,99
ScNsBpQ8KIg,88,10,102,200
JJ5WP2BKigc,114,59,127,300
bY8-TUD3_Zo,90,82,128,300
5LXqVd_0cjs,42,4,54,100
M2Kwpy2ot6k,95,84,121,300
Kz-3PgnD1vM,162,36,202,400
GyxgtAwn34A,235,63,202,500
JvkLPE8efME,295,29,176,500
fBR-MFpVKuc,217,91,192,500
v36OO-vZTQk,31,12,57,100
pGVtDzMDJ0I,265,63,172,500
nqnkBdExjws,304,36,160,500
U69QBI6MK_A,1,0,1,2
OTeIy9tPXpw,32,4,34,70
LP4qYyTPyl4,218,51,131,400
DOz4H0jlthc,123,70,87,280
LGGi7IVl4Sc,11,16,8,35
rJrwCJWq2cs,4,2,13,19
rFaoaCJ1R8o,2,2,0,4
xmhRIEqbKIY,99,62,139,300
g_PtkN3aYFo,86,38,76,200
EYi1YUNOguk,36,42,22,100
8bNXD4q5FCE,4,4,14,22
Vgme9O6YZI8,49,48,52,149
uxI-8GTqDYA,162,70,268,500
IRdrt8nPyy8,191,81,228,500
BpT3gx3s0ns,159,17,124,300
bvev1Bjx6oA,161,31,208,400
IRGEpm1AXRM,11,6,10,27
klSWPvDCYoI,82,19,99,200
Ni5Uc-DdMqk,72,59,95,226
nMSq9CTPMD8,42,16,42,100
KbYCmEptlL8,281,50,169,500
Nko0mn3r-eM,47,10,43,100
2zISrf-7V3U,294,58,148,500
nj0CoMTpcUs,192,19,189,400
IEGEovFX534,242,15,71,328
_dJbQayd4MQ,197,46,257,500
pQiV81L3zL0,2,0,2,4
yG-yfbDscbo,203,68,129,400
Z_GR_l5QtdM,190,53,148,391
Ln4gDwbtKMw,6,1,5,12
wmca2wWi1CM,127,92,181,400
aRgTLb5EbiQ,328,12,60,400
DyLE5nI6bXw,14,10,9,33
XIQW-1JQDMA,123,54,123,300
4KAfi8-2tVg,54,46,149,249
-DGXHMOhXAw,177,95,128,400
Flmxl3ZfjVM,81,43,76,200
u2SwpuwU0NM,17,34,49,100
NGPK44en2ME,20,4,176,200
ruYeBXudsds,82,54,64,200
R42GHW6RY20,27,8,30,65
bAdqazixuRY,202,27,71,300
WYoWaouvXXA,97,13,90,200
z68frP9Q7XA,70,18,112,200
FyN_fIc0-VY,16,10,6,32
aiUq5xksJy0,156,84,160,400
c3JbJmXInOs,199,76,225,500
ql0Op1VcELw,225,59,216,500
j9UGpBZz7WU,90,67,143,300
82t9Tk9dUHs,154,132,314,600
K-zip2qToVY,4,2,4,10
DjKEZbe4V9M,113,68,219,400
gDFZS0BVsBY,247,94,259,600
iV9PEBuPwSU,3,0,3,6
YjS-QrzTJz8,40,4,34,78
pXFIMdJduvY,323,55,222,600
NYD9ByC0c_I,89,22,89,200
bd7IGZ6dulM,79,50,271,400
Wp21hAL1mOU,143,66,291,500
T2rqOvijMBk,226,38,136,400
KCNvREKTnQc,273,157,260,690
HYWiIWpcCIM,336,68,96,500
S9_fwmdCyzo,4,5,2,11
AQ0b0CRsiVc,72,22,106,200
ibHFy-mo4Pw,83,38,79,200
FMVw_Ty8qTY,208,24,68,300
lBspB4K-F-c,55,9,36,100
fmIGnd98DX4,253,83,264,600
XA_jAJ-dWyQ,182,27,191,400
c3pFWJCQy5E,69,13,18,100
9EBgaxFfDA0,111,65,124,300
YpyohRt1meM,107,17,48,172
1L7JFN7tQLs,323,132,245,700
hwFx0ROBf7o,196,77,127,400
XSCneVakGGk,127,96,77,300
yZMt87ZdUbw,234,95,171,500
hg5yXLhl3CQ,6,0,8,14
NPptT6BsnWQ,187,60,153,400
f8Ej3RVz-Bk,33,29,38,100
D6oaRAgdslE,219,129,52,400
fwDZ8uhqJg0,323,69,208,600
W4YZIAtS-S0,126,35,139,300
Eef-1HLKgoQ,114,40,145,299
zSqbS19xiHM,70,10,120,200
vp_Dbt3FPDs,182,6,112,300
njR5pdGCn-o,109,8,83,200
MiQYQQcG1HQ,165,70,165,400
pOqiqRHrAHE,82,12,53,147
ciXIdvfejn4,91,15,27,133
qiUKuZQRsWo,86,51,163,300
XswVWE0Jq84,78,6,28,112
oKzFGhlFqqE,262,225,208,695
SPZFN6VFFow,104,92,104,300
1y7giHbrvcc,244,43,113,400
2eAuJIGlp9I,160,125,115,400
eP_LYrgztRI,70,9,21,100
1AxLzMJIgxM,219,83,198,500
nMABVXrg3D0,194,51,155,400
ljXSjIph5ZM,207,49,144,400
4yCkkOvIkUI,6,2,11,19
MHMdv2D7ndc,265,65,170,500
DBBt7IhHOFQ,144,41,115,300
y6B1uUpQM3E,39,12,49,100
v0zIWuPHbAY,136,30,234,400
c2BcR39AtxE,101,39,360,500
57-gdzXqkRc,29,6,26,61
1k_whpRADOE,198,69,228,495
aawlU1IzuqI,35,5,14,54
kmgsC68hIL8,74,66,60,200
ZpVhZ-om7UQ,38,20,34,92
f4t5gCs8sUA,24,6,18,48
PNPMEQm_vAI,76,16,308,400
GDrudkqrgIA,125,149,220,494
FBdyMBRcxeo,104,36,260,400
GoJsr4IwCm4,105,45,50,200
50JL8DEeeS4,190,68,279,537
BDw7rRaZ6GM,75,24,51,150
bO-cI25XaAk,17,6,18,41
ktl2mLsSq4o,75,27,98,200
5CZAmbA4SfU,133,76,190,399
ZQK1F0wz6z4,283,82,334,699
9wRgNPdU7fQ,120,53,127,300
eRDxDEhEgNY,98,33,69,200
0TP1zVBdosw,181,41,378,600
0AaApxaD170,177,39,184,400
r1f8hd4yh0c,65,21,113,199
nQwolVLD1MM,150,36,314,500
FlwK54Qun3Q,242,0,101,343
zFnvAbX96gM,156,29,215,400
tfHCtgyT-oQ,134,49,117,300
ZagQci5qTSM,29,8,63,100
oUb-TwzDnk8,62,18,120,200
ugWImY8VMzI,269,39,123,431
csrYDgBF2nI,109,47,143,299
QrNk6lHyDbk,43,20,37,100
62cWuFjzOgs,38,22,52,112
1KCZHHMZVGQ,167,91,239,497
6z-X4r5JkyI,271,63,166,500
k8LF_FU2luY,2,0,0,2
B7YaMkCl3XA,122,54,123,299
lw-Xu7ZLD3w,105,61,134,300
H7H0ZWwWKCw,179,66,255,500
xo2B67vz4HA,35,24,41,100
8RlChzDl1Tw,221,70,109,400
CItEtnp3nPY,28,24,69,121
cnCxc93iCe4,12,0,21,33
tPiaduBZHRU,58,9,32,99
GbhdRYQz9-0,14,5,17,36
6QZiqFAeK_g,4,0,8,12
h_mpwaCJUrY,37,5,18,60
8hP6WROycAU,191,68,241,500
9yqdwbJZtSc,58,6,36,100
k5qKGNeRb68,0,0,5,5
Xul7ku1XxRY,292,127,281,700
8d2Xw8BaoG8,110,75,115,300
MfbNXanrhGA,92,73,66,231
r_Vv6abqauM,238,51,211,500
GmSUlGEd_A0,7,1,3,11
J7MYJ8Kxhwc,250,73,277,600
ZaZ_GkB_d34,38,20,58,116
S7rQSRGGKSQ,173,51,76,300
odhMmAPDc54,220,148,332,700
a5NIg5yyHWo,49,19,32,100
M3siIx0W8aM,293,55,252,600
T_t-ByJoDgM,215,7,78,300
a9ITIaKzG3A,80,34,86,200
8I8G5XQI9_w,196,20,84,300
EWng8GQ49Fg,75,27,98,200
MNst7laHZGg,42,31,27,100
veqMs7SQteY,40,20,40,100
Iuc0O_Ryq18,244,15,41,300
zuKX0fPlo2Q,2,0,0,2
15ugV2ASveg,151,22,227,400
3uxsHmxQBHA,223,94,183,500
-q47sHA4eAo,153,92,255,500
LcZ2AuvxXNA,197,53,250,500
PHXkhUJWTXM,63,59,36,158
VHG7mHKwQqA,210,122,167,499
giIP0XdT7SA,97,40,63,200
Z-LmHjkN2EU,79,131,190,400
Z4QcwsEbKyo,219,157,124,500
Jc2x5aHCs6g,188,20,92,300
yyv2gOHMGEc,139,28,133,300
iKYQN5xMRQg,138,157,205,500
cNgT8qEQJ3w,203,107,335,645
jKInAMNrXRA,136,38,126,300
YMLLK844QII,127,20,253,400
-tCu0tKrzhc,55,15,30,100
Lwn97mpBCu8,296,106,198,600
AQa9pEkQ_0Y,313,30,157,500
RLmqKBRqyA8,249,65,183,497
yDDDJC3AYtA,114,46,140,300
FpZ1sIjQrf4,219,31,250,500
Ayb_2qbZHm4,269,65,266,600
cHbkEESIl7g,101,28,71,200
REyxoxScrbU,100,21,79,200
RfG7VvIrk-c,3,17,28,48
OMW_dPtm7Bo,117,62,121,300
Eat7nKj_30o,139,103,347,589
H7ojygIbMYk,211,49,130,390
BnxkuaQxe9A,99,33,92,224
4z4xoO-NGUg,142,56,247,445
F4ELqraXx-U,278,84,338,700
oySwpCuzQ9A,89,36,75,200
5mgGrx8uaRQ,165,105,230,500
a2VRtAFqb4U,133,59,108,300
WPlx5BmZVkQ,90,27,83,200
pAsN4lSa7O0,116,24,60,200
tqUKbEfW-B8,134,79,187,400
iGHDJ2_hsKE,236,51,213,500
raNcTqw-I-o,75,50,75,200
UtWoJUrnkGw,52,9,36,97
4k56sdESwHQ,189,54,257,500
Auu9Sxxt5is,125,103,272,500
_ANP3HR1jsM,185,70,243,498
0hLx_1Q15eY,184,75,335,594
zqE-ultsWt0,221,96,183,500
XKvXg2NlNZ4,33,8,59,100
F-qdRPUC_Yw,51,20,29,100
abeF5zQbQEM,214,55,331,600
mTnRc4pVu4w,38,12,50,100
FZrrfGfI3uM,173,59,168,400
mYphOR0Jegw,111,23,66,200
DkWL232Vzao,251,33,209,493
9W0WPPpCFaM,37,18,45,100
2K57-24FnIM,256,87,157,500
IA9vLOmFyp4,207,11,82,300
idVu_7JcNo4,22,4,26,52
FzebOysQeL4,23,24,53,100
qPDZZj6By3Y,59,35,106,200
1ZNZY-gd3K0,102,121,77,300
bp6uJJJMaLs,103,38,59,200
-_Q5kO4YXFs,162,40,148,350
kCKTmL5Hn-M,55,30,115,200
rdXaw4EFGdk,77,59,63,199
m59HKBUi3cY,200,45,155,400
7k8PFMQQIxI,359,33,108,500
qR1EM-RIZNk,208,118,174,500
xGzppQWQvq0,141,2,60,203
9ZWUKMDjysc,33,7,10,50
M4cnP08e5kQ,155,31,114,300
TV2HTSV3w40,208,69,223,500
qRoVlH1OcI4,243,166,186,595
GuEQtn2nm9A,127,70,103,300
PTXykKsrxpY,51,15,34,100
H0okA2gPt_Q,174,87,139,400
kEUfrSxTQ1s,30,57,39,126
EmjMWi0MBXQ,48,12,35,95
rGi2b25Bx0I,17,36,36,89
_bZlb62VVlw,301,129,170,600
OMGO51u4ou4,236,70,194,500
jII6DYV_yPQ,3,0,22,25
j8ziXMTpkL4,180,31,289,500
H0bVlfJsR4Q,146,20,334,500
jXQitd7ahV4,260,29,210,499
DprHLyvhbSg,198,69,233,500
MiFeES9uOSo,290,56,145,491
zuUQDdWNAPc,86,13,101,200
HsiWOp-ImoE,251,52,197,500
0TMHdsFYDOo,193,156,151,500
0dWj2k4FMM8,189,56,255,500
n8t9yJIKkvM,33,24,43,100
9zX2BQFZ_BI,72,29,99,200
eN6JVKmMUhw,185,23,92,300
I1P7GoZcZpU,100,9,35,144
JV1NB70gLQI,124,71,205,400
wAcD3mIjZcc,195,24,181,400
eVwafO-ytnk,6,0,3,9
Ama7Dc1EgLM,49,14,37,100
JsTptu56GM8,112,38,50,200
IPWoD5Af7RE,100,37,363,500
76WkDuiAjeY,141,26,333,500
fUjicxMPDzs,190,117,193,500
Upqp21Dm5vg,100,26,74,200
WRzqSDyOSbY,211,37,252,500
ICqTZeiimpk,72,43,85,200
TImAMCQbwJo,24,14,76,114
zrOHeEA14kQ,147,110,241,498
CzJPjtyEZjE,51,4,32,87
-p6WWRarjNs,99,35,66,200
nd_EYo96lmo,247,70,283,600
XM23h-eJ08A,106,10,284,400
sNSzJiF4sB8,36,12,40,88
cpvUG_fo6lU,227,87,186,500
khRWGSllNKw,156,94,250,500
yBt9zuvZxIc,128,111,232,471
PgeJ0XYuI2E,278,48,174,500
0tOUQt5fem0,13,0,0,13
noVEvsozyug,231,80,189,500
hEdvvTF5js4,164,70,166,400
dsH83p_mfEs,2,0,1,3
g4xW9aCg2zY,181,66,153,400
6cnobaJFY-M,178,43,179,400
Ekc7lWx0468,3,0,0,3
jsR0dclw060,215,71,114,400
JtZo62mPEKM,188,48,262,498
wd9-VP2LzM8,82,30,88,200
bU7u_MhVvvo,74,37,67,178
Ez95rPffd8k,61,102,37,200
vpcDYc_4gV4,58,56,86,200
3E_fT0aTsjI,226,85,189,500
48dQekjzI6U,239,24,137,400
cLPgQ9kPpFM,8,8,3,19
SjZWJoNYpHI,121,55,121,297
lO9d-AJai8Q,255,28,117,400
WCYHrvLTaqg,229,27,102,358
T2W7UocH0Hs,92,30,78,200
o0Ddl1DI-go,192,23,85,300
VEoITVHfyGg,49,16,35,100
unByRjDRA34,134,6,60,200
w7h--c54_O8,154,32,314,500
fc_oYX7JJ-U,2,0,1,3
V_liC4y7alU,131,37,132,300
l864IBj7cgw,128,87,185,400
oK4me2hI_Jo,244,55,101,400
Ilekd7_Kodw,82,76,142,300
2qiBTkVRp1U,246,53,201,500
2jtDZXbN-_c,67,30,33,130
TLfwSd-tLcM,94,49,157,300
eHV5gHeVgH0,75,39,60,174
IOp8n5TzcSQ,17,0,1,18
ON3x2wWZLHk,41,17,42,100
EVp4-qjWVJE,73,37,90,200
TP0PsCb371E,128,161,111,400
uLP8rFrL1W0,116,48,136,300
QfINpLDE_s4,206,42,251,499
XLNLPIRS62g,183,191,126,500
CuXq1hOa8_Y,147,122,231,500
G3fZBW_okks,289,37,174,500
O78Lpo4ctSE,217,17,166,400
qr1Fpkkad2c,277,33,187,497
Qg7YzqCRoZ0,201,45,154,400
jXj6c7bmxII,35,16,49,100
03jeumSTSzc,189,76,334,599
3WEvgqcP8mg,179,18,103,300
p1WJ01Ij9AQ,79,30,91,200
cFVRCo6-FUU,224,82,194,500
OFzoFhRlEnY,72,112,116,300
fAuUd1HiWe4,66,25,109,200
GO6qs83CHpc,180,70,250,500
qEp3rwe3KmI,24,6,38,68
n54-eEvoMpg,92,38,70,200
ENskipCo-eQ,32,21,347,400
Q0CbN8sfihY,173,74,253,500
RaKxVWJxA2U,115,80,205,400
mPvNt7PB6dE,12,18,30,60
uqoFsqOJYCg,93,132,75,300
Y5wOTID9JmY,295,72,214,581
_zl2GV89_GM,4,0,2,6
Jc8fBk_8iT0,12,5,11,28
Z-zdIGxOJ4M,50,13,37,100
tUPR5-igTVY,288,77,134,499
ZcTvrxwP6Is,213,165,120,498
FvcNr_5uWgY,332,40,228,600
Lk7iJthBk6I,225,57,118,400
2y7rk7eHHAM,185,141,174,500
DeIaemmxMl4,307,26,67,400
A-sDCUXML2E,21,2,23,46
3N5WORQxQUo,272,27,101,400
ZWTlL_w8cRA,366,28,106,500
XQVwoImSnds,62,30,29,121
7esz7R9p_40,58,9,133,200
GlWaXiJVwYI,103,28,69,200
J_e77K4n6Ts,60,25,115,200
9eea7_7OBZQ,27,29,44,100
Itd_DFAw8OE,65,21,114,200
c5RsAXsZvI8,0,0,1,1
2pZ2aHWFHXA,105,35,67,207
TmVu7Sn7hZw,163,191,146,500
SmTvoFcy4_Q,148,65,187,400
Tt-a61NG4XY,230,74,196,500
nL9bZbv2aXY,252,20,128,400
uB_Kx6T3wq4,270,44,86,400
8F_eHiMYQjg,8,0,5,13
q9o_VjdugHw,11,8,5,24
8Lv3tW7bWzU,214,15,71,300
hlaV9oSSfeA,137,23,140,300
ARSNaSeT9hw,172,36,92,300
Mp_u8KvKg9I,40,22,38,100
CdHV7Uzw2E4,208,23,69,300
AR4UgRJOUQY,29,21,50,100
5IG15ff4Zkk,8,2,2,12
kKjY7wDxF2w,81,7,12,100
BMCLQf75ev0,15,2,8,25
mPjgRKW_Jmk,210,188,201,599
GmrFu7I-bBE,121,25,103,249
KdFTi2Z90AQ,19,6,14,39
nft99BbsKwU,21,6,9,36
EgUXkpAyqps,16,0,5,21
GGHIOGtHjYg,35,19,46,100
WoPtuVbaSKQ,81,15,104,200
vSDCb3bdFlw,22,28,36,86
UxrTnLgO1YM,207,44,148,399
ZymSrDfLhW8,204,35,161,400
4AsSp0AhlBc,24,14,25,63
lNzrWNjEQjk,73,14,113,200
AAZbviHZVhE,222,84,194,500
PnbKgdNUPlM,56,8,36,100
rFFo-0v_vi4,180,20,199,399
AaGVAaGylgQ,77,5,18,100
fzA6VoZCZlI,91,18,91,200
WP98DDNKQ0U,129,23,148,300
5Vd10gwNJRs,176,21,61,258
z2v_rL5C8C8,239,64,197,500
Rew50oYjRqA,104,17,79,200
PUzXPm2CEBU,115,76,101,292
Z6_0dJkjFAM,84,37,79,200
NVvJ3t5eiTU,66,96,138,300
Zr22PtGd1So,137,78,180,395
VC7ZqkV1_yw,169,101,130,400
vpsP_cg8urU,36,24,40,100
mWFaxs-KvMY,153,19,128,300
OlIeFVVXRpc,61,81,58,200
XYURnv4Ld2M,63,4,33,100
a9Zi-RhcOGs,173,29,98,300
M-N8hVxja94,202,66,132,400
LtJ60u7SUSw,65,28,91,184
AYrTkoRr6hk,111,38,55,204
YmnxIsRn5nw,57,9,34,100
PLDJQondOQE,108,23,169,300
W2gnef0LtBE,0,2,0,2
xA70bP5uzao,125,19,56,200
7TN09IP5JuI,281,36,183,500
C9LMDZTg17Y,54,5,41,100
yNaLblrdflU,196,108,196,500
DlDozGvAUto,194,17,189,400
OthEKbkPftk,60,43,73,176
Ef93WmlEho0,250,121,229,600
Xa-FV6Oxp1M,121,48,331,500
pnKcqi0Wvys,31,9,60,100
TMy0vJfKvzI,63,46,91,200
E3DWd2dTiaQ,309,48,234,591
Mq9dxmh6JiE,92,36,72,200
ORmSlRu8vvQ,92,124,110,326
_GC5AVsf528,98,22,80,200
FgW2kpNQ7BY,12,2,2,16
1hvdr7RjNRk,228,64,208,500
RE-far-FvRs,220,66,214,500
OWpSYn40eLc,174,64,261,499
ceLV1v3mV4E,110,25,65,200
vxl7glJMKOQ,30,0,12,42
5IP8jQNXDOo,70,53,77,200
HIdRXXjIthQ,185,35,80,300
WQjO1mMCPg4,122,86,292,500
fSkTpKa5gbo,139,60,101,300
5Zs_5VghD6U,210,32,157,399
qQGY4NerwOg,8,0,1,9
q1PgzYjpjsE,216,24,160,400
04UjShXZbD0,78,31,91,200
07v6qA2l3n4,137,10,53,200
KZ6KpxURmks,119,46,135,300
D1IBXE2G6zw,227,50,323,600
8vb8E7QTSCU,16,11,27,54
9fgtEM8-VTI,242,177,181,600
f3uF3EpSZMw,148,27,25,200
KCiahBMis1E,69,26,70,165
xBU77C4cpTk,341,62,196,599
Ri4xPHGS5f8,104,142,151,397
f24IrRsf-lQ,244,53,203,500
f5F2whaRzqw,10,4,0,14
XNJmeXb4Y0A,60,6,57,123
wVD8ECqG2FM,45,90,65,200
CcoBJ-dEjGg,104,66,79,249
xwW0VfkFljE,109,74,117,300
e7acWkAb1dA,236,64,100,400
YQYslaA1Lus,96,37,67,200
439iY0844xI,262,60,178,500
07bHQFWCKIw,22,42,35,99
OLTXWUWcwOo,298,40,160,498
pkWafXW55eA,65,32,40,137
sOfbbmUh8CA,118,95,187,400
t8sgy0faXyg,351,134,215,700
G1VEccH7jJ8,79,26,95,200
QX6_UViEpOg,125,84,91,300
hbfxFdl8B8M,201,81,118,400
JvUGfF0iYtU,134,96,170,400
n530GFrdPY8,254,28,100,382
pSMCldcVGgA,257,7,88,352
vJaUfpbEYIU,35,18,47,100
W-97_yKHQHg,18,13,26,57
mcRHpJyn4B8,198,44,258,500
cqpg9IJ0jbg,62,14,34,110
KGb5yAdkcFw,198,80,222,500
5ywKal6-anc,27,22,51,100
iIYXR4axaJY,334,67,199,600
TF0TRv7Fw94,140,87,272,499
9CILSvf1snQ,50,4,38,92
o9n3bR8VMW8,159,46,195,400
qFltpuZJAns,38,24,38,100
XaE08gz0ogk,56,15,29,100
CWvmvCewANI,40,36,24,100
Bo-qp-Zu0OY,12,1,9,22
rrZk9sSgRyQ,162,42,95,299
J5b_-TZwQ0I,240,117,142,499
YK53kxDdkiU,126,85,182,393
pyb7UqbdYTs,226,40,233,499
0501BTnbrxg,241,55,204,500
0VfGA5bE1AQ,155,35,210,400
TE0UWh9Nob0,59,12,29,100
pwHvK07tUuw,132,11,57,200
t5Q5uRIc26k,36,14,50,100
rHfyvSgvgoo,92,43,63,198
k1gVVnv_om4,50,21,90,161
9e6WeQeBjOI,6,0,4,10
3ImE5jhnOt8,232,65,203,500
NSFXDaMFUN4,58,55,173,286
adgAxnflvOE,176,21,103,300
ppGCbh8ggUs,109,31,60,200
_lnPimlBnk4,119,64,217,400
88wD_C_m9gM,3,6,7,16
4WvKeYuwifc,241,143,116,500
mGibr5Uy04w,146,46,108,300
JcI8yn7xQWo,37,22,41,100
htAqXYmFKgo,215,67,218,500
u5U0q-hh5B4,41,26,33,100
ml8Dj5OSR-M,242,64,194,500
uZ8L6qLeC74,146,15,39,200
T6iLJTy6LNQ,135,55,210,400
t_LQ0f2GU88,80,19,101,200
TTkzAiZ6YV0,179,36,185,400
4F2KWDQQMhY,333,23,144,500
HcNcOnIkQQU,237,11,152,400
7nh2Ra-5kY8,109,22,67,198
nrzbCPOcIJk,171,61,168,400
eVIezLcwc7s,129,24,147,300
ccLXx4DB8ZQ,163,100,137,400
KQ19fT4BQQU,2,0,0,2
_lGL4Um83LM,36,3,18,57
AEaKrq3SpW8,128,38,134,300
R1g07RpTPFE,152,63,184,399
uAipi4V5g34,23,6,12,41
6v3BWoddSgk,188,82,230,500
QC-cMv0e3Dc,214,111,175,500
YhrOkyCju9k,6,3,53,62
rtk-BLeHv6M,109,49,242,400
BwYPddy_5bk,176,56,66,298
0d6eJcWYqBc,78,7,15,100
BfxOimRxXvU,0,0,2,2
TSxt2_QM4N4,157,21,222,400
h9TlaYxoOO8,238,58,202,498
avlEK3PTvw8,196,24,180,400
Hg6L_7qLIEQ,142,78,180,400
9k6S9v0FKzI,48,13,39,100
_Z3P18GHej8,258,61,181,500
QtVL76gh09U,218,82,300,600
4Yue-q9Jdbk,228,53,219,500
WvkrRBduZ84,154,9,83,246
5hphhsrctwY,73,35,92,200
ei6FVbMysc4,69,6,25,100
VX9IAt75P28,199,50,251,500
mPw8v7Zix5c,28,1,16,45
h5kbGO3M--4,171,43,186,400
05v4nfUmBYI,251,42,207,500
kiFDqOYfgYk,98,25,77,200
fcubmjoGH7I,261,47,192,500
GpAuCG6iUcA,38,54,108,200
HcEKGxJ-khM,20,7,10,37
uWFAD84I66I,258,70,172,500
thUp8jTeJ9Q,147,46,107,300
p-305IQw6-I,199,47,154,400
bB01zORIGkA,137,19,44,200
41taYOq1kVY,367,47,186,600
IFKkcaj0kAE,99,50,51,200
iBViC-fEdm0,31,15,54,100
ouJwpthMfkY,177,40,83,300
LrvnTWNATG0,93,15,173,281
ASRxQ6uiVuo,220,34,246,500
xGqMGGn3Sko,26,27,47,100
5JcZsNxT2BM,78,35,87,200
8ZRCdfaAIy0,251,79,170,500
3yoGE3v4A8w,96,21,83,200
2nFO0sMs9Zs,130,17,51,198
oePt4JgdyZo,76,44,80,200
iL_-GwbEP4g,171,35,92,298
cviyIIvBlto,4,1,0,5
JoNj0KDuDR8,147,34,119,300
lBp01IbxMEg,45,5,11,61
DdTamlcP-3Y,49,22,29,100
IxI1iOi0t-c,40,13,47,100
wOskfnnbkdw,159,45,192,396
6O7x7-srbHI,213,32,155,400
Zwq8UlsT1Tw,1,0,4,5
5PJWCe92K1E,64,39,97,200
XAA8LOWEY9Y,65,42,52,159
ckXN4Tc6-c8,220,34,146,400
3hq2c9vdfls,0,0,4,4
TrMTFvHDv2o,28,19,53,100
QtANwxed36M,32,26,42,100
4W-pZrhu798,309,61,130,500
KnE3055j-A0,208,144,248,600
VzPD009qTN4,276,88,236,600
biKYH7o8j7k,171,67,162,400
5PaDeyRNUyc,285,127,188,600
A-fofQ9VpPQ,44,18,37,99
tv19Sd9dS38,92,78,30,200
TNhyrPaGFYQ,75,49,276,400
dt__kig8PVU,262,70,168,500
NCFO5eifDtg,88,39,73,200
wUHWzsF_qJM,342,59,99,500
1kHmFjHzR-s,310,32,58,400
RVSSCN2ts_g,86,54,130,270
H_A0Z4S30Ds,46,9,45,100
3d9i_0Ty7Cg,158,54,188,400
5z3vPi7YhSA,7,9,12,28
EUoe7cf0HYw,155,29,116,300
jmc7aUVKCMA,173,97,130,400
qZVm-2nM0sA,102,15,83,200
XIUGqfTkaWk,227,40,133,400
HUUsEgAe8x4,232,73,295,600
AH0f3hesKjI,104,52,144,300
Q7o163QU8CE,223,12,65,300
AX8-YzMKZhQ,57,10,33,100
mlxdnyfkWKQ,230,123,347,700
BHD3uqfbcRQ,211,52,137,400
Q3Rq-irFn1w,159,45,96,300
SMinvx9EkPs,72,4,27,103
6v-oVPROexw,225,16,59,300
xHvVhhFvLtY,242,84,374,700
AZDiPT4PuHE,46,8,146,200
A9U5wK_boYM,126,16,58,200
Uc32z-wgxU4,225,58,217,500
Uiccgh2GXzs,266,65,169,500
_SzWAfsdZXY,174,67,124,365
5qkgFES0r-U,239,58,103,400
Q1eQw4ycgQM,62,14,67,143
KEBDxhqhzF0,266,77,157,500
Uq0764L5kcY,44,18,20,82
o97_jDomyqc,247,46,207,500
b7tp_AvS2aA,28,29,43,100
y5lIKZoN1_0,16,0,15,31
MdzGZv3zQ-U,109,35,56,200
Rxz8TnJT1kE,10,28,30,68
7V1J_MDi9Lg,182,55,263,500
Ie50Nw9NkOk,32,30,38,100
08RHSZvixec,78,48,74,200
SeUyzOP3mys,268,38,94,400
1yYV9-KoSUM,245,30,123,398
OudFElslbh4,98,11,91,200
LaZQ_gj919U,52,4,8,64
H1--Pifm05Q,92,58,150,300
yiblDn4JGfQ,139,12,49,200
mKee5Xezp_0,136,30,134,300
4v38ugGj3u0,10,6,15,31
eJB1gcydsbU,34,14,52,100
Xf4IYI9Gj7Y,129,18,53,200
jkrrdsEzi-s,125,49,126,300
pT-zok786Yc,152,54,94,300
3iYOBuyS97A,4,4,4,12
qznElIkZ1hc,117,62,121,300
OlI8r3nNUVw,178,92,430,700
2jvi4e0NIHs,217,55,128,400
GfqD5WqChUY,261,43,96,400
SHq2qrFUlGY,149,43,508,700
y_nuMEtwUW4,34,7,8,49
P00HMxdsVZI,80,22,98,200
M7XdnYiQKjQ,298,28,74,400
0ceNfXrccbQ,89,88,95,272
5kZi3J2S52E,91,24,85,200
UXdbCReBTR8,257,85,358,700
q8b5mciIDnA,91,52,76,219
7uOvL5eLpeE,298,10,191,499
erjqKQaXgsw,138,52,110,300
g6piCiaGMZs,55,31,114,200
tUKgtLyu8yI,205,56,139,400
uwukx6DGmW8,206,86,108,400
kWaJCOyORvI,208,57,235,500
xKXxJcf6_IE,88,51,61,200
nBAvUSZSEf8,93,164,143,400
tetLuLLWxKM,2,2,2,6
JV-4Ehv1SFI,30,12,58,100
BcYJ0CRyWaQ,31,13,56,100
TxIO9IiU8A0,52,12,31,95
iptgKv3iApI,73,39,83,195
bJW2678K3XE,22,4,12,38
IKaMejA5J34,120,15,65,200
tlACd8CquRk,183,28,88,299
ALae1tWyTS8,12,4,13,29
aw28GKtWxBw,181,84,235,500
p_P9J97ELlg,272,36,92,400
iv1zeGSvhIw,245,82,173,500
1WpOhaJe49w,81,15,204,300
XfiXby489Rk,66,5,26,97
L_vQW3xQEhc,149,37,114,300
AR764HY82Cs,226,38,135,399
UApJ0enDJTs,78,5,17,100
iwGP_FeheLM,150,46,304,500
OHL3J9cKNyg,16,4,9,29
-LoSw4o2zDQ,174,11,115,300
x4SheWJkn6s,126,46,128,300
h4JP6su_mio,62,17,121,200
3JYl1XREYLE,108,66,226,400
GVvqt-8-fz0,192,32,76,300
941Bl3oxk8Y,138,22,140,300
Ybbii2XIavU,269,30,101,400
lCZCWjzQUM8,38,33,29,100
afXewnGZXKs,153,46,296,495
kZLshuD1gmc,150,18,110,278
Q07Cp6tswnQ,212,29,259,500
aNlUKzO1ThY,156,192,252,600
7TVLt0sbBO0,65,6,19,90
nZtpLKCoUWg,215,111,74,400
k8T9SMqAqyc,294,8,98,400
JdqUUKEATiw,41,11,48,100
cVgQV6v_QKY,98,25,77,200
4An2AF2rWGk,25,1,14,40
r8jWAvF3rcE,195,81,224,500
WHvT-oGf6ik,156,41,103,300
_f2-88pyRtU,143,112,144,399
9sjLzdix70w,177,173,149,499
fWfKfX9hXqc,93,15,292,400
MuhbA_bB418,156,89,353,598
87r1IvEI51c,6,8,22,36
EwujR1ARsog,2,0,4,6
OWAf0pD8354,112,29,59,200
yJZh9NWdXrE,188,38,174,400
RSJ2mRqL1cA,15,1,2,18
_o8vb1BA_c0,70,15,115,200
MeGyZJiB-FQ,116,87,297,500
7pOXunRYJIw,175,41,84,300
cABm1SlrtDY,212,24,264,500
H3YE_oGD05M,287,34,75,396
PKdKzs0xS9c,64,14,122,200
LGAfo5unZaw,153,45,202,400
aiXo6WyhCJs,197,69,134,400
F5Ma-1A-NS0,146,218,136,500
t3oar3hIDWA,46,9,45,100
qy-UZ5B38-Y,166,66,168,400
SLoQoYi3P5U,174,130,196,500
yARn15Ks1DE,106,19,138,263
5al17hlhowA,117,8,75,200
sQTnREEtuNk,54,8,31,93
6vGg-jJl30A,115,10,75,200
h9ga9lHtcXM,214,233,144,591
1csaGKAjAvw,54,7,39,100
C3cwtcomilA,32,7,17,56
dE9-DgGYZRU,131,94,375,600
mC1qPDqV6hM,181,86,231,498
LDXr12ToYuM,251,44,105,400
k0WRpQU9zK0,40,6,54,100
fS5xHHqW-6E,380,25,195,600
UQBNfV9sTCE,154,42,104,300
iX6ScurPhCo,83,73,43,199
41dUEWlH1Ks,20,38,42,100
px7dYqZPk6I,152,29,219,400
YqqJFqj5xQQ,83,132,86,301
uLxuaQSBNe8,51,12,24,87
2ytdOm28qCg,43,12,45,100
kcTdfHXdRXo,194,57,249,500
mSYEzJ7LM54,98,17,285,400
_38JDGnr0vA,284,36,180,500
XBGCYqRInM8,90,31,79,200
FN5n87Gj0LM,262,190,148,600
eLhPdGZaotQ,0,1,1,2
5Wiio4KoGe8,263,63,274,600
DvbYf4eyGFI,97,20,83,200
XPqko6Q0lpE,203,195,202,600
E6PU9IvLJM0,47,35,118,200
b7xndvitLa8,171,44,85,300
66Wcyu73MAY,16,24,71,111
ruTB5jBGXsE,307,89,204,600
xEqCt7GZo7M,158,17,125,300
Koxzz7LDmEE,147,67,186,400
S6Mnl6kocLw,141,106,153,400
MxxxlutsKuI,50,31,27,108
I0Se3ce433Q,188,132,280,600
nvAhI3ZjnjU,227,58,215,500
OWRufUWhSwM,69,26,51,146
JhA1Wi9mrns,274,120,206,600
ruRvc4huFkE,158,25,217,400
hOFRbjjjwCE,110,93,197,400
FILJznSr6fs,3,2,0,5
QJVlhvyLmPw,29,2,8,39
lLN1FwiqGwc,244,84,172,500
jzr49a04olU,2,0,0,2
1rmAi9XmlIo,230,63,206,499
6x62O8A8qHw,168,52,180,400
wqcHGWG8MLQ,178,27,95,300
brfJuyTADuQ,60,24,116,200
hM_kejkWeHU,185,17,98,300
TV-_Yuc228s,109,21,70,200
zJqk0iM96iE,161,65,174,400
9y62mZn0LXQ,134,68,297,499
vo391vKvD4s,286,13,101,400
S_DltnHeJ-M,239,27,134,400
scQBjsQNgVQ,209,39,152,400
QQP6c_xLetk,132,48,220,400
R-4a_mQQTpc,220,54,226,500
83ZrTybo2t4,205,74,121,400
DAOrRCeCK-w,79,58,63,200
eM_FR7I2Ttw,106,24,70,200
hwNIzQLtHnU,163,32,105,300
81OBIsQoQIc,16,9,275,300
K1ZzzMiZGDI,85,20,37,142
4YX_1wql-Xw,194,104,202,500
wiBhzhQu_2c,225,21,54,300
_4PLKxYZUPc,195,63,242,500
rjINNeC0DFA,168,16,116,300
jehAZhrI7oA,70,67,63,200
SmW6p1HwNtw,95,21,82,198
crY-q80MfJU,67,27,106,200
QP6tdboJq70,47,10,43,100
c_9iv9HwO5Q,152,48,100,300
bvim4rsNHkQ,356,73,270,699
rjlXcMhQgPU,82,69,149,300
VsXu80J31uc,108,86,206,400
bZbI9rmpaEw,45,7,48,100
7wwTAo01AKs,86,114,100,300
dWWQsXRwHb4,164,37,199,400
aZkqHx5uri4,116,18,66,200
9lzPw4EOqto,39,53,107,199
v8t0ASudM-o,105,10,85,200
yESCuF5dsYs,111,35,54,200
09xOyqOO1Eg,93,38,69,200
u5wIuTTYqzI,94,22,84,200
wfZGngrCpys,147,49,304,500
Ga1uiDaqMjQ,54,82,105,241
NoxKH_v8b-8,54,40,106,200
o1vV0oorclg,36,0,11,47
h2K_SWpQtb4,210,77,113,400
mnKPEsbTo9s,118,78,104,300
oKI4EAIcaLw,58,48,94,200
GSmUd7p3r34,101,14,58,173
tbDr_zAcM5g,0,0,2,2
xig77hiUHig,160,39,201,400
TBJIAgiIHg4,10,0,73,83
_NlKTMvnjIc,59,38,103,200
446dbFQEFJU,60,33,107,200
8kpD3XCp49o,149,71,180,400
pU4uLAI48eY,147,31,122,300
rRZp93mMZaI,50,3,33,86
xwNJA9qCCwo,42,16,24,82
VdL-6VlaPls,16,7,19,42
sjlHnJvXdQs,312,125,363,800
6IlVWeI_0yo,47,3,44,94
DdA7tUIzA5Q,377,26,197,600
VQTyRVBkeIw,90,75,135,300
kRW3Y-rgaOs,105,82,213,400
eLdqkQWUVFI,56,42,202,300
GLbJCklVVJU,110,39,151,300
JZDM1bLn7sM,126,14,60,200
_n0Ps1KWVU0,42,13,45,100
RsCsBqIlnHw,338,33,129,500
L3f7_y9UPh4,107,19,74,200
00P112HXoK0,28,40,32,100
-bQUBzPZHHQ,224,115,261,600
7Ag2oDIeLvo,0,0,4,4
aLWLzUa2Qyk,221,96,183,500
MHzktkbjDOE,310,31,159,500
_oO0pd8VJjY,141,73,186,400
8pB3tiuwFT4,42,14,44,100
Zo1pCjsjf6I,191,13,96,300
B1TJp73shl8,119,0,35,154
3VSa-oARk-w,4,1,14,19
UaXgj3qG2XI,123,52,125,300
RM5ja5nr3UI,5,1,5,11
xtsLwr9Ok7s,32,26,42,100
HkoGtBEA1co,235,32,133,400
6u9LNN9HwC4,163,98,239,500
fUffrvUjwCY,179,12,109,300
cXQUObfBXYk,103,15,82,200
_JxZOcu8TYw,108,118,174,400
tSRg5cFIxI0,156,6,38,200
a5F05Qpi6lM,185,131,184,500
Hx9Juyi_uAw,16,22,21,59
HjkmacUCJw8,82,27,66,175
txvKrTplOVs,243,150,207,600
7_GaeAoLMWY,62,8,30,100
-B9z3az6Axc,237,65,198,500
lSsTCiC93WI,219,129,152,500
MRNqDbd2rdE,190,86,203,479
S44YKdc3G3U,170,78,152,400
4CyvvCx6Us0,179,13,108,300
J_OyB0k-IVg,109,128,159,396
8wNr-NQImFg,162,98,140,400
dRX0wDNK6S4,374,31,195,600
Z5ijKVGjsh4,86,20,84,190
LolP3Y7_Irs,279,43,278,600
0bcHEsmmpzU,166,76,258,500
RRkdV_xmYOI,43,16,41,100
ezgtjMfgxos,11,7,13,31
pyZVUC5jeVw,38,32,26,96
FxElTWf7IEw,106,41,131,278
kKJZqKxpZoE,188,78,134,400
9VQh4wJ76Dc,26,7,22,55
oDIDZ9EmQfA,93,27,180,300
rUkHLs9RHP0,185,76,39,300
1NyMSWqIJDQ,180,129,291,600
H1YGg8nYkv0,205,165,229,599
6gwM9v_OwUc,166,46,288,500
KUCHBBCj77I,233,45,122,400
pxVO5K8jmdA,133,26,141,300
65fZOBR0pmM,204,59,237,500
4Rg-YN7XFcM,59,0,23,82
470TG3AdA1A,108,50,115,273
zkIrbVycAeM,181,245,173,599
A2cRZL70C0w,123,65,112,300
D3bj3PH7PGg,56,76,68,200
KUH0KQ1qMiw,158,97,145,400
lfPvOEN5vaA,209,152,239,600
qJJHhVf3_ZM,33,33,34,100
IZ5izPbcgG4,85,29,86,200
6L-nhETPAfY,173,46,181,400
SejINXtIWac,19,12,18,49
tmGMd2bqh6o,141,50,109,300
qXH1dVI8Jic,52,15,33,100
v90yrcg6q9I,219,98,183,500
nb5q4Co-eac,47,12,41,100
e4HRUcyMvZY,27,8,46,81
3GOjf9ZGnIQ,28,11,31,70
nFxUU519P7U,44,47,109,200
5jRYB3nGxmc,96,29,73,198
fQxLlq7lxVM,123,4,73,200
OZAfse9Pb4c,159,93,348,600
Iv2lWZxzUj8,159,43,198,400
PbW14E2eHJ0,202,37,261,500
jizvSedEDDI,103,21,76,200
iv1C0pEdhOg,127,55,118,300
L9IDqn-qt98,6,9,196,211
JudqBA5is6M,17,33,37,87
ZVPTxFZTQis,197,67,336,600
k7XFlD5dzZQ,2,1,2,5
-JmNKGfFj7w,89,44,67,200
mEYKFjd7aHo,1,2,1,4
_MEFyG-IE_I,213,101,86,400
FfRGxN2zeWU,289,27,184,500
eoAEp5A-arY,20,6,15,41
WJfeapsCnPI,126,137,237,500
mShBE_wHAk8,0,0,1,1
aysB58GG3uM,158,22,220,400
DHYRxML2SpA,70,29,201,300
wQD1JvJZXdI,243,91,166,500
dy5xLVx2NGY,201,112,284,597
g9oCOSvYkWc,104,41,155,300
U1ArsQ72hRA,12,0,3,15
c7ymY8QEB2g,131,17,52,200
UejIDD3lhEA,2,0,1,3
FqdsYn9TdWQ,197,76,127,400
VVYhDFiTvqU,229,5,66,300
3QtHD3-N5nI,187,62,151,400
ftrFGwlYO7w,272,41,187,500
_ghJa9vhvSI,27,11,33,71
DyTlOIa6RLo,112,122,166,400
efD3nmwF-IM,117,69,214,400
XpVt6Z1Gjjo,250,159,391,800
rtL5oMyBHPs,159,48,193,400
kD6kOB8iCwk,6,0,12,18
bvuQ0ZusV8Q,148,52,200,400
CEdAjI801Wo,0,2,1,3
I7TSzpDetTY,44,24,32,100
hQbeB0YXLhs,228,10,62,300
zJqnpoJPDMM,112,44,144,300
ton42cZ6ZYU,36,16,48,100
_VSVLmBO7yI,0,0,4,4
W7DErx-Yg9g,292,11,97,400
9YyB6sQ4iwA,114,49,137,300
1Q-ZREGfxTI,145,80,175,400
i3-Nf3cxlmg,159,114,311,584
nOllkbo99SU,14,0,16,30
lLAmL6Tz59Y,100,71,229,400
ZFF392vAMN8,140,35,225,400
H4gFlDn6c0c,111,29,134,274
-UAdFerZMWc,65,24,76,165
qDhbIEuwRRc,103,23,24,150
B9SptdjpJBQ,177,70,253,500
N0lsMVNXZJY,194,173,233,600
n4wFyyW71zs,180,18,202,400
dDiCuZTjS18,286,38,174,498
zPGRU49esCU,113,26,61,200
wOjjdttsHy4,22,4,15,41
oSRXEHsORZo,206,50,244,500
DZHAB3PGlfU,195,91,159,445
j-JOG2mUt0c,77,54,69,200
nW-aml4r7Gc,291,49,159,499
ziwI9E9xF4s,131,26,243,400
wXGewTs-e-I,62,6,32,100
PInMw_UmlHQ,77,42,181,300
o7H7xdjGnCc,61,17,22,100
gWzPYsSCExM,139,47,114,300
aeUyLiIlDVE,16,3,21,40
MGuUiaZWyWo,208,72,220,500
4hqqFqcr1K8,90,22,88,200
ao21eJgsF1w,151,103,246,500
vaAzCXxAoQE,174,103,223,500
MMEgnbIVWXc,45,8,26,79
9gBixJFcSJg,202,55,343,600
_qb4_uvYSG0,102,96,102,300
9gpjRy3uDUM,199,110,191,500
SF-psoWdSpo,187,41,172,400
QAouuVo-WO0,118,66,76,260
lQX0jvVQywQ,314,69,217,600
cCqS5X_zu-g,116,153,124,393
j9g7FpCSF5Y,40,3,42,85
_95NxbsbMF4,198,69,133,400
_pc1kON-doU,304,71,225,600
r8qWc9X4f6k,117,50,133,300
2bOeaS1wREE,1,0,2,3
UIATkLb3MaA,154,43,103,300
wWK5W1b17uw,56,30,114,200
vVnJKV8aScc,156,12,108,276
bcouc6NW4aM,120,62,195,377
1lOd7rDFYbc,203,17,79,299
c1QGynzVbs4,115,78,107,300
craAcv415FM,126,16,358,500
YSVlSmZWzm0,133,46,121,300
jjb77v3LX_s,54,39,207,300
Y2GVVC_cD_E,242,65,293,600
u6iVspBWzZU,116,56,28,200
iXexmZm3_j8,83,24,93,200
t4QwhVt5Zk0,310,75,215,600
Lp2TXZ3wzjs,380,62,153,595
kqJaCoKQurc,33,23,44,100
-1fzGnFwz9M,53,17,30,100
FMQaJ6ylKs4,309,70,218,597
Hhg7Cv50SWY,31,17,24,72
qdWUQGHtyPk,219,99,82,400
g_ekn1gjBq0,21,3,7,31
YLM2gl8RGj0,133,46,121,300
_cu4FHyCcT8,181,67,252,500
mkrTKyhONJ4,265,95,240,600
fTW7EgoKpSE,12,3,28,43
L6KZ6egpKGM,193,23,83,299
j9giQP9SX-U,190,41,69,300
eImtYyuQCZ8,89,51,60,200
MdBu21i9aEE,364,91,245,700
NJ2asQtT014,166,221,212,599
L00YWl8StuI,108,38,154,300
7D4-49pkEWY,178,47,167,392
-zCYX0esYlo,125,55,120,300
ksdAs4LBRq8,92,13,95,200
vrcG-SckgJk,53,58,89,200
y_h_1uN2RQA,348,28,124,500
dvPJJUbM8IY,102,28,70,200
fuVu3elWRXc,5,5,0,10
lwOQbMcXtfU,45,38,117,200
uh3aU63f8U8,150,18,132,300
ah8SQNOXgrQ,71,24,105,200
-Jdc7FXupWQ,239,21,140,400
Kl-IJigAG8A,219,78,303,600
YlQYciVYhVA,30,13,53,96
3e9tJJKBlwM,203,135,159,497
w8fAellnPns,151,115,234,500
cOboLQMO4tQ,156,221,215,592
vQ3XgMKAgxc,117,38,145,300
64G7jEqX2vc,126,58,116,300
R00hChXPBE8,120,109,171,400
G_wmoWfZQAM,331,31,138,500
Mhfg2lVpW8k,146,73,172,391
KPqtlI3aJIE,285,36,179,500
--JinobXWPk,30,19,51,100
CzYM4ZpSDJg,211,128,261,600
hwthovxn3zM,101,11,91,203
Rmg5fLRBkZo,205,46,149,400
eS8Wkk7APZA,5,0,6,11
5GNcAkpN9tA,32,24,44,100
-Egtbs-go4Q,32,19,49,100
M_FP7x322cc,29,8,15,52
h3M-3SrmDok,156,102,242,500
eMgmJEaYs70,236,35,129,400
IcYbVguyp6w,227,14,126,367
EHC6sYfF4cg,195,80,225,500
I5rD1_rxG5c,25,51,26,102
Wv3RpLvPasE,40,8,41,89
l7yxJDFvTRM,137,128,235,500
oEs0BP0i1Ro,58,48,94,200
QCOkDQqGkcM,88,11,201,300
HzzmqUoQobc,182,82,135,399
7wsYiuNERZA,202,27,71,300
fBTBc2OA9fw,41,10,49,100
RtEvTmhVeQQ,75,42,83,200
Gv69uNr3Tf4,268,55,177,500
Y5fwGxJjn5E,151,27,112,290
j5YSOabmFgw,337,24,339,700
QtHg9jQtBII,30,36,34,100
rlxqaVi7eNw,14,9,30,53
sRAp2MO6TUY,146,25,129,300
TXo-qOQNK3E,215,79,106,400
KSCPfaRyzgs,60,11,29,100
GNTtR6ZpUOo,86,8,106,200
vHDtNBh6aHs,95,90,115,300
6lsPIlsbqsM,6,6,17,29
pCSgWJzEvrM,55,21,24,100
hMfIIxf8ADo,236,36,128,400
9VjKMTwFXMw,46,4,450,500
Wb-6fhfAn2I,292,114,194,600
dpMFGr-wznc,247,98,155,500
SpMhnqnbh0g,125,30,109,264
5cyiXm7vAgc,173,66,161,400
YrTKLZi6rqk,232,36,132,400
gmXuUgB7T3Y,127,26,47,200
wHrpTT1-fPg,288,39,173,500
4NJYWgb6dQM,199,31,170,400
VcMuDnnaBvw,148,140,212,500
2seypV_Jkjw,67,33,56,156
TngCi2s5rmk,178,108,314,600
ktmcO3lVuPc,32,53,21,106
ZczwzVhai9E,135,118,447,700
ZYQ1cVRtMZU,119,29,252,400
Q0gTpASrRpI,184,122,185,491
PpGyVCu2n9g,216,100,282,598
akGrh6ui_gc,23,21,56,100
_Pom2EYv3NM,314,19,167,500
3zrZE68Qrrg,327,24,149,500
B2B0GMtowmU,2,0,281,283
hNsUtZmWgdg,134,100,210,444
T6x-kDiQsWM,121,41,138,300
btSvAjUrBhU,310,27,163,500
roiPLImXMoc,347,45,108,500
735_W3zsIw4,139,61,200,400
SqUXhozARl4,36,12,89,137
cOlibbx5sx0,49,17,34,100
TDskW3JvTAY,13,8,79,100
6HXaooyXjds,265,23,65,353
-_CmfnzbLFc,227,28,145,400
S5Esa9L4nvE,165,80,255,500
_uLmn_Dba08,65,19,116,200
s51nDk3bEOg,1,0,1,2
4kX7iBnoivA,313,95,92,500
DyA64VLVfds,258,36,105,399
mceaM2_zQd8,101,67,132,300
9XgflsmKnK0,144,35,121,300
tUXLO8Dtvq4,55,70,75,200
-wQLKMUWANg,133,51,116,300
WAwRqecvMSY,51,50,99,200
k1vE_LVBx4s,104,47,49,200
vWmjyYh64vg,112,23,65,200
A778dMvbrJg,86,38,76,200
8WyDjXSLg88,200,69,131,400
Du2iFOoTaE0,76,77,47,200
E7HqW6S-g7c,243,117,240,600
5DDB6YnVCoA,191,0,102,293
Zy6vBxqlapw,53,7,40,100
B_CHjYoqPUU,88,40,72,200
QvP8fd2W_6A,28,0,18,46
bnON1y-fKag,42,20,38,100
lJj66BCiZWQ,3,0,0,3
rBs4AGCR3yU,2,1,0,3
W-8nCyXm03E,133,60,407,600
8QgMh02JvS8,75,36,89,200
lbgBzgMzVV8,258,53,173,484
GDIOfv643TM,88,60,248,396
rOxL6UaZqw4,94,41,65,200
0dnd2j_is1U,13,7,12,32
a6Zj09zFXbI,276,36,188,500
ZT1JsE_YbFs,186,25,289,500
I_JtJHJ4384,2,2,0,4
y4BQEzQieEU,4,0,10,14
56kiI-JKSdY,159,66,75,300
fLLe5sODKtg,302,48,50,400
thD6TNUoyIk,323,62,215,600
eERPlIdPJtI,426,32,142,600
ORSMs7lZtdY,107,129,164,400
LnxSTShwDdQ,105,86,109,300
TH2QRvu97NI,159,30,111,300
p7sooI96zPI,0,0,2,2
p1RKkRCiU90,192,118,290,600
scIizw2asro,181,46,173,400
R3dQpGJQI18,212,32,156,400
4WNHB8vROg4,272,117,111,500
0afzkLHTUK8,63,30,107,200
Wp2TUPo5W0c,251,67,82,400
22tF3y_epZs,124,31,45,200
hjGsGtihBpc,50,15,35,100
zeZRNG-jVyI,55,31,214,300
7Y-U9NN6-N4,92,52,256,400
I4qv0c2-lfw,146,64,190,400
FSOxXsYVJMQ,146,26,328,500
CEcrgOuBiUM,107,38,55,200
86pvsOPUmD4,6,2,14,22
pCHmqeHEybg,191,77,232,500
YKgY0zQnqcU,120,77,103,300
i2kJUYeb1Kw,149,32,219,400
nQDcDZ6rmGE,207,67,126,400
eFDfST838NM,41,9,17,67
ZaB6kENkGVg,263,56,81,400
GBWMwbDxcO0,48,10,42,100
ckWQt6cKCx8,97,24,79,200
YjtRY28Pe2o,205,42,41,288
MrujGOjzUI4,234,75,291,600
MXtDj0eGhtw,62,21,317,400
wHf01y69Ae4,316,80,204,600
uAI5rSiGyNY,88,18,94,200
-SiRV2kWIxg,14,0,23,37
q0B8k3UPZNc,237,57,206,500
vu_9muoxT50,86,33,81,200
dRVWX8L-kHg,34,4,26,64
s7u5igc-lFg,109,117,174,400
Ap5hoCTkTUM,149,72,279,500
sB29PVm_uYY,78,16,106,200
vS_NlXmPB3I,269,25,106,400
Fzt75I_Zi14,2,0,1,3
HqHQFm5L6Zc,182,75,243,500
ZtXkNMbjOEE,226,29,246,501
HzIB6TC1Ghw,150,135,115,400
msWS8WxRsrY,194,63,243,500
KKwmCzoXbtE,40,16,66,122
VSRz1ReNg3Y,18,5,4,27
o5xxIciBSME,212,89,198,499
4MEv1k9aQXA,51,67,110,228
NTe6-26-fHg,51,8,41,100
qbD_9zymEP0,55,14,62,131
Ik15Y5lDeJw,186,63,151,400
O2pyRDQgVjk,190,67,143,400
2Lq5pZrbpHc,163,83,154,400
px1WIBaFseE,31,12,57,100
AOQZNHueNQQ,134,9,252,395
7GmcH_Lmkvw,132,6,49,187
Y8kAZAQ5dX0,169,47,284,500
wxd_vZLsDSQ,66,21,122,209
PeUgWK0pUIA,276,147,173,596
8I0pqPWfjWU,2,0,1,3
iKzRIweSBLA,342,51,207,600
mi52IqpOp54,1,0,0,1
rQhynsjq_BQ,4,3,5,12
BalEqNEEv2M,38,31,31,100
UkMZJrbCRdQ,215,119,166,500
efJ1xZJDZlI,15,25,24,64
xtEQkOp8mZ0,70,57,92,219
39wPXnFMypY,59,16,24,99
MBdVXkSdhwU,116,32,252,400
DGIZXFa3Zkw,84,41,121,246
uBGECC5U09Q,80,100,120,300
c_weoC3HT6Q,100,51,149,300
xlu6i6lT_vk,211,78,310,599
oits7sq4nX0,200,102,198,500
zJufeAMRHy8,107,29,57,193
do-9G1s9LSY,214,54,132,400
_elREWy6f9w,186,49,165,400
1ShHf1Ym1h0,273,108,217,598
lOSt_GdaS0s,128,48,124,300
AzWiUQEdJOo,184,122,194,500
apskNjHtGh8,7,4,21,32
WWexI9YiLSc,90,35,175,300
zTTaFg2Sq9Y,139,88,185,412
ERj3KafjfRk,5,1,6,12
7_HboVYEkWw,91,120,89,300
X_PZvUM8P_U,116,163,121,400
MFoODeZfSD0,118,74,208,400
LVPIM06bMJo,243,31,126,400
b7nxDshnz9Y,6,2,3,11
YCYXUi_5kns,177,44,179,400
pmLk6d33VpY,185,50,250,485
BdV0dkx2oik,58,68,74,200
aDuB1arf8aE,269,33,98,400
Z28FY82ERmA,130,36,191,357
_6Qbslgpw8U,110,58,132,300
e2jMJV6UHWU,209,17,174,400
UuOAs0IiEI0,256,76,168,500
-CEuQhqNzz4,73,4,157,234
T-IXvsQuogs,101,26,173,300
qtfMzdqifF0,176,88,236,500
2wxyDrfwlXQ,160,34,106,300
i29zfPUHRAQ,12,4,0,16
wB5Hek7Z2b8,92,39,69,200
Z7R8XRKqHAI,385,45,170,600
b3NRvrmKeMA,58,15,27,100
UwK-WDjdMxo,53,10,137,200
GG2hY4h0mJM,74,14,47,135
L6QAx5mqFKU,103,35,62,200
APHgDFRpCi0,143,52,505,700
KFUIVfKTeVg,79,73,147,299
5e0LMJRJFaY,153,53,94,300
cq50fkILrwM,283,25,64,372
7KbjNfCV-lY,112,7,81,200
exuhr8R2AHw,87,119,165,371
mR3-KaWftIo,60,2,13,75
Y7tLoqNjkks,0,0,22,22
CK-0c50Si5w,330,5,65,400
11S5tcT2Tm0,374,21,205,600
TYR_7CeO39E,276,56,267,599
VGBZ2YfVx1Y,193,65,241,499
dpGMUuXJbGU,43,21,36,100
JPTB93NS_8M,210,13,177,400
WY9xOHquZrg,134,40,126,300
VFM0UqX9MJ8,147,45,208,400
GT0L3RWQNjw,118,56,126,300
mUDQvKtkMwE,198,67,134,399
uoTIcwHK_aw,169,71,160,400
8ijNvyEbQ_g,49,4,8,61
udnGW3E1vxY,404,51,242,697
SYxzzqGhgEs,38,13,49,100
mks_6HlK4Kk,92,66,342,500
_yt7xexSbfI,50,12,38,100
a_MFkqMZTt4,125,36,139,300
iA86imHKCMw,137,113,150,400
2DTwXdqmRiM,194,86,313,593
RyCDmg1JXcQ,144,58,198,400
2HcqS508lIo,199,117,284,600
UCrBICYM0yM,200,99,201,500
RsG37JcEQNw,200,102,198,500
rAh_16nooZA,63,9,28,100
UdHopftQD3A,226,17,157,400
c8xGJju2x20,41,51,129,221
bCwjBUHEenQ,138,34,228,400
qh7QJ_jLam0,57,19,24,100
XvPWUkHjWG0,223,60,217,500
WStmFKp1x3g,181,113,206,500
taKGnsqeCPs,47,8,45,100
FTIStPerVNw,38,24,38,100
R_jKUDmJs1Y,128,54,317,499
-otJ1LJGzcc,159,152,189,500
KMZ2vfIoA9k,77,38,85,200
tSLjM6cZaTo,95,64,41,200
GSxeF68FRsk,46,20,34,100
5ggZ9jIHnr8,104,35,561,700
zAXn-v9RdXo,5,2,2,9
BNJUsE7pEs4,227,77,196,500
HPRQwI5uvBM,51,81,181,313
dJ_p4Z_yVpM,228,68,193,489
KQWzIETlBw8,47,66,54,167
IqLi6Pn_rVo,188,30,82,300
xyDIy9ggcTc,15,9,19,43
rl4ofGm2aNI,299,45,156,500
BRzPaDMeRks,50,10,40,100
1Yt1O-OhAm4,192,48,201,441
5eSSL8hRU_E,72,9,33,114
vugXtE96XuY,208,64,228,500
Oz88_p125uM,0,0,2,2
z5Wo-iF6lA8,198,113,289,600
KGQTkWJ5mU4,188,130,280,598
PKv4LdN_JYs,169,190,141,500
wRe9jBoBwFY,45,10,61,116
yj7OZ602CM8,190,79,131,400
YYmlI7yT9cg,96,13,191,300
K19NG3mNhKk,78,33,89,200
ETR9qrVS17g,120,109,71,300
pTXLFFVSFhQ,170,47,271,488
pZUgK5EAOGk,229,26,144,399
3y5A4paFOb4,204,104,292,600
7Gw-lN270qs,34,14,20,68
t2oVUxTV4WA,129,48,123,300
fOmwkTrW4OQ,58,4,47,109
Hlt3rA-oDao,391,153,256,800
xch78xg1DVc,21,20,49,90
QpfgRpL1VVk,47,14,39,100
uA4STm4hx7Q,245,65,190,500
J_qs-CH715g,134,25,141,300
xtpM8cBES3k,101,16,83,200
5otKiSs3AeY,94,14,85,193
iZFWRi3npiA,68,133,110,311
7bdZn5MKugo,295,31,174,500
eKjiJYkvKwQ,123,26,151,300
e6eU61Y-UA0,6,3,6,15
kAphgHhlteM,109,14,77,200
4X6a3G_0HjY,243,280,277,800
5fsEPf_Uuao,139,31,330,500
0H3MirHyX2w,104,57,139,300
1eQXF7JbbGE,17,6,2,25
pe3KSYqPIgo,66,34,100,200
nnTcCS07DKQ,167,160,173,500
QH0fGSqow3c,16,4,10,30
_iBpGz54ngs,281,12,193,486
vd7LCYVH1vc,6,4,2,12
IP81Je7APoQ,128,157,115,400
A0lYm7Qsbak,301,72,227,600
Rdk4d74j3p8,58,11,31,100
jY9xBAAa5fs,115,65,220,400
ioFUoNlWR1o,33,26,70,129
xbBMVa2A68s,225,81,194,500
0Rb2rr1vWpI,58,21,120,199
VSrEIdhrXB4,189,89,222,500
oZlJZ0BhXsA,209,67,224,500
LpZqwLZP5Vs,35,40,123,198
8ropWor8aAM,70,8,22,100
ip6YrQt-dp8,5,17,4,26
XwW6ZWaQ4bs,53,10,37,100
ODssdet9XJ4,128,45,127,300
sa3G0vBlucg,183,21,64,268
b1wlmTNERqE,173,14,113,300
PmG4AYsPHfA,126,59,315,500
O3D8d2QNShY,9,9,82,100
o3_byIkXF7Q,34,16,25,75
HFXwHcFyU_M,0,1,2,3
j3MvNvV27hw,300,20,80,400
vOkzPTAZ8-E,208,88,204,500
N_zDcuX1Y54,279,50,171,500
JpTdK2kn6TA,36,26,38,100
QB5JOnDYeHY,186,64,250,500
IDXBKvaoXHc,43,74,81,198
FPRTN_r9IyM,73,36,62,171
iKwMtBR68pc,8,4,58,70
ddJ7HLIfJdk,95,13,92,200
rfMJ-DylWBs,110,167,223,500
ge0fLnC_WNc,32,32,36,100
zgLtEob6X-Q,231,73,396,700
7YAAyUFL1GQ,297,73,330,700
sD6RIeNP41I,133,84,83,300
FcPs-bMkUjo,232,54,114,400
LoMhBo8ATBM,45,81,74,200
gqYZLNMDVJc,178,61,161,400
Gw01t6btiR0,119,9,72,200
bgc2rSzKA3w,22,31,42,95
DuWf6MTOAz0,20,6,27,53
hBaiNeNZGJU,270,22,108,400
ThPzNokG5uE,34,4,62,100
lUFpahcEOX8,174,114,107,395
IYvEhgYy35I,269,40,291,600
z5eG8fD-hQw,202,232,164,598
a2B9pA8aGUc,5,2,9,16
D59v74k5flU,153,40,207,400
sxkP5m3RKQQ,122,77,98,297
BNRUV3TuExQ,3,0,0,3
2Hz4sDjXPQY,118,36,133,287
Uw3eeaFT5Rw,210,7,83,300
1wwwXCQyIRA,384,28,86,498
DrIFxLhDylU,273,92,232,597
gIE105f0ejg,145,73,282,500
tLv3X-aMyWQ,257,19,324,600
0g2lXo-ZnEk,132,40,228,400
0eKdNcP4xrM,364,79,257,700
AZTGeQ5msaU,59,17,32,108
LXAU1VqbYbo,174,58,168,400
AoQMHzkj2x0,56,15,29,100
cPZ3u1z8kU0,49,4,32,85
GWKI-CoCCTU,306,39,155,500
7Cn0-CwintU,167,45,186,398
kB1hCteyEew,34,10,56,100
lg0ldbwZhPQ,206,52,242,500
uKQ8iy3U1lw,206,123,171,500
5F_utV45MT0,33,32,35,100
TzyraAp3jaY,105,22,123,250
-cjfTG8DbwA,197,101,102,400
F66vX1WCRbs,114,4,82,200
8oyf8Ecwo-Y,143,75,227,445
s3Hk_lDw5yo,24,9,67,100
uNseVux0CA4,213,61,222,496
ZgCTlbQvcT8,43,17,40,100
r30snlzbYaY,206,32,162,400
H9KaqCBEvvg,15,6,24,45
is7Hx7B5e2c,227,14,59,300
CNwYcyRAl1Y,240,91,269,600
JkqTeQHFoBY,69,25,40,134
y_v-3_sPsRM,183,66,251,500
3WyD96Zq8Cw,2,0,2,4
FyLtlW3hHwQ,67,7,26,100
9QZb-659ZfY,123,4,73,200
CX4KuIBmnjI,240,43,117,400
UkkPCObPShA,179,21,200,400
9yUZTTLpDtk,243,56,201,500
UpONjs5kLPc,0,4,40,44
YF2DM84NDt4,191,19,190,400
ILDy6kYU-xQ,73,20,107,200
iTRWe2XGEGA,56,64,103,223
_5ZrSKpbdSg,179,64,156,399
Z8aN5L-oDOw,184,50,166,400
ScmJvmzDcG0,218,127,155,500
LSYc5HvyXKo,282,25,93,400
VPo2k2z7Xqg,255,52,193,500
F1DxLQbx_bU,121,10,61,192
cWIEF2Yc58w,245,120,227,592
SHobkpQ9GOM,228,53,119,400
jzaRIWMxz0Y,64,8,24,96
AApylcoF9jA,201,82,317,600
nOQh4NXZ2wo,198,2,200,400
LDcm6twPEJA,83,53,64,200
akGWOpcWfrQ,126,55,180,361
uCVuyIQZ-lA,242,35,223,500
4Sk4n2ggxRI,66,16,51,133
BBn_fo8NprY,147,39,214,400
mvuN2LQf09o,12,1,3,16
mv4MRmwXJMM,36,8,56,100
7Z14Rc1vR7U,0,2,1,3
Ca3rEOlAfpc,157,75,268,500
Xx7sxWI9FNI,224,125,251,600
O-eWLaO3gy4,340,20,240,600
7DV7TS3XB94,40,4,12,56
QqbMpE4dPao,239,38,221,498
an5vV5aw74I,159,44,97,300
1QWLyi03twg,259,167,235,661
5XpbCWsHWKQ,101,10,89,200
mGqR9sgMIyA,5,7,13,25
EZaPeQ2dxh8,0,0,4,4
ketCUtFpzNo,103,45,151,299
paXOkGMyG8M,284,42,174,500
7e4vFMJmBIc,174,115,111,400
X7WFMUq5ECE,136,109,155,400
QKy1OazdMD0,70,44,78,192
6Vb6Z9i5sHs,71,113,216,400
xmZ1ppujkXg,102,90,108,300
0PKthlZtLDo,138,195,167,500
xR6d8V5oh0o,13,28,25,66
oh37J6qROrQ,203,55,142,400
20yqGk-M-iI,61,19,88,168
C25qzDhGLx8,86,44,70,200
G0cDl-vZKkg,284,99,117,500
QAT8fXZI0b0,248,25,127,400
4dp31MWMjeM,49,41,51,141
C1i3ESnliMQ,29,20,51,100
K7pQsR8WFSo,196,61,143,400
x2btprEvdgg,35,35,30,100
Tx1sqYc3qas,72,12,116,200
vr0qNXmkUJ8,241,55,204,500
Alp_a88C8dY,75,51,74,200
qbRKHpE-30Y,91,123,186,400
PGfSaVDymjk,28,19,53,100
De9hDyIN6JY,36,4,26,66
S9vVoJV_YB8,9,3,20,32
jUrpOg4fBs0,170,78,449,697
WpddITk3bK8,213,73,214,500
fCh5TVGaTSg,42,42,48,132
cfSIC8jwbQs,118,43,139,300
ONt_ajHfSiw,98,88,214,400
hkA2a4_tNOs,167,152,281,600
mrTHfBCduRA,119,76,105,300
s7eVr-OUYkQ,26,0,18,44
fJiaYnmUw60,60,17,125,202
a6sywFdvURE,92,57,51,200
O12Rt0JSDpA,121,17,162,300
rWKz0ZC_G6U,270,48,82,400
NMPnIn52KM0,10,3,6,19
gQvHtXWlXDE,40,10,150,200
FRjPEOPr6pA,35,20,51,106
ZCQuasiJgYM,143,108,149,400
dInwVhRtN4E,196,194,309,699
xNddRhpx5tA,110,145,245,500
gs9AV6BKh74,152,45,203,400
BVzLwYYsPlY,17,7,17,41
